         Exp    Gemme   PROVEAN   EVC    pyFitness
A2D	1.092	0.96	-1.822	-4.671	-4.52
A2E	1.171	0.96	-1.416	-4.594	-4.156
A2F	1.177	0.952	-1.941	-7.165	-6.876
A2G	1.023	0.948	-1.337	-4.837	-4.231
A2N	1.19	0.961	-1.609	-6.465	-6.008
A2P	0.786	0.949	-1.553	-6.333	-5.798
A2S	0.945	0.97	-0.841	-3.895	-3.59
A2T	0.995	0.969	-1.167	-3.854	-3.594
A2V	1.009	0.968	-1.384	-3.342	-2.666
A2W	0.314	0.835	-2.328	-13.376	-8.377
A2Y	0.495	0.835	-1.675	-8.309	-7.881
D3A	0.62	0.993	-2.894	-4.993	-4.429
D3E	0.995	0.994	-1.354	-2.168	-1.996
D3F	-0.068	0.986	-3.34	-8.65	-8.068
D3G	0.951	0.981	-2.625	-3.915	-3.76
D3H	0.629	0.991	-2.576	-5.192	-4.691
D3K	1.031	0.994	-2.501	-5.779	-5.387
D3L	0.813	0.989	-3.544	-7.376	-7.261
D3N	0.889	0.993	-1.815	-4.53	-4.229
D3P	0.836	0.986	-2.582	-8.1	-7.643
D3Q	1.287	0.995	-2.079	-6.266	-5.391
D3R	1.287	0.991	-2.872	-7.481	-6.484
D3S	0.405	0.997	-2.129	-5.451	-4.873
D3T	0.303	0.992	-2.532	-5.61	-5.174
D3V	0.626	0.988	-3.208	-6.009	-5.759
D3Y	0.674	0.986	-3.354	-7.972	-7.277
Q4H	0.666	0.978	-1.568	-3.578	-3.586
Q4K	0.951	0.976	-1.421	-2.414	-2.32
Q4L	0.912	0.977	-2.676	-4.453	-4.193
Q4P	1.122	0.972	-2.218	-4.838	-4.55
Q4R	1.004	0.977	-1.413	-2.876	-2.753
L5A	0.505	0.537	-2.215	-7.145	-6.41
L5D	0.583	0.475	-3.447	-10.104	-9.204
L5E	0.775	0.484	-3.022	-8.33	-7.897
L5G	0.665	0.422	-3.544	-8.77	-8.576
L5H	0.169	0.487	-3.088	-6.96	-6.397
L5I	0.329	0.778	-0.884	-4.59	-3.84
L5K	0.913	0.416	-2.634	-8.29	-7.76
L5M	0.961	0.789	-0.855	-4.858	-3.853
L5N	0.307	0.551	-3.067	-8.317	-7.574
L5P	0.961	0.41	-3.059	-6.451	-5.538
L5Q	0.852	0.503	-2.61	-7.164	-6.725
L5R	0.778	0.48	-2.642	-8.62	-8.093
L5S	1.104	0.569	-2.631	-6.073	-5.123
L5T	1.108	0.569	-2.203	-6.717	-5.673
L5V	0.859	0.813	-1.323	-4.828	-4.036
L5W	0.359	0.572	-2.679	-7.177	-6.877
T6A	1.011	0.752	-1.943	-3.845	-3.59
T6I	1.016	0.473	-2.52	-4.813	-4.745
T6M	1.112	0.522	-2.458	-8.147	-7.524
T6P	1.036	0.524	-2.433	-4.492	-4.012
T6S	1.059	0.749	-1.362	-1.005	-0.915
T6V	1.214	0.472	-2.142	-7.82	-7.618
E7A	0.675	0.945	-2.519	-3.558	-3.213
E7D	1.084	0.955	-0.986	-1.8	-1.471
E7F	1.007	0.778	-3.408	-7.116	-6.583
E7G	1.036	0.853	-2.877	-5.434	-4.584
E7H	0.172	0.946	-2.098	-5.42	-4.67
E7K	0.793	0.921	-1.69	-3.018	-2.735
E7L	0.64	0.869	-3.427	-5.554	-4.903
E7Q	0.974	0.955	-1.256	-3.026	-2.647
E7R	0.857	0.928	-2.137	-3.923	-3.469
E7V	0.938	0.888	-3.001	-6.426	-5.611
E7Y	0.596	0.795	-3.009	-7.452	-6.559
E8A	0.597	0.864	-2.687	-3.851	-3.401
E8D	0.956	0.913	-1.181	-1.881	-1.418
E8G	1.004	0.708	-3.065	-3.989	-3.514
E8K	0.737	0.829	-1.793	-5.037	-4.415
E8R	0.052	0.83	-2.237	-6.428	-5.444
E8S	0.741	0.827	-2.189	-5.716	-4.81
E8V	0.969	0.837	-3.154	-6.31	-5.271
Q9A	-0.018	0.617	-2.85	-7.743	-7.224
Q9C	1.019	0.586	-3.777	-11.679	-10.37
Q9D	0.642	0.772	-2.401	-5.726	-4.806
Q9E	0.852	0.767	-1.439	-4.264	-3.998
Q9F	1.242	0.542	-3.826	-10.641	-9.393
Q9G	0.844	0.48	-3.337	-10.927	-9.626
Q9H	0.961	0.787	-2.391	-6.646	-5.936
Q9K	0.883	0.595	-1.894	-5.701	-5.002
Q9L	1.041	0.606	-3.323	-6.304	-5.526
Q9N	-0.036	0.816	-2.386	-9.587	-8.574
Q9P	0.553	0.415	-2.85	-10.424	-9.249
Q9R	0.998	0.608	-1.871	-6.937	-6.19
Q9S	0.785	0.593	-2.387	-8.338	-7.352
Q9T	1.009	0.604	-2.851	-7.043	-6.359
Q9V	0.406	0.629	-3.302	-8.193	-7.145
Q9W	1.23	0.266	-3.287	-10.862	-9.655
Q9Y	1.032	0.467	-2.868	-9.78	-8.567
I10A	-0.409	0.62	-2.271	-7.102	-6.16
I10D	0.377	0.672	-3.284	-7.909	-6.937
I10E	0.869	0.713	-3.243	-6.354	-5.698
I10F	0.899	0.536	-1.898	-7.911	-7.032
I10G	0.401	0.499	-3.709	-10.225	-9.051
I10K	-0.083	0.719	-3.238	-6.072	-5.622
I10L	0.984	0.801	-0.942	-3.138	-2.652
I10M	0.743	0.788	-1.355	-4.827	-3.961
I10N	1.055	0.663	-3.283	-6.576	-5.944
I10P	1.17	0.427	-3.169	-8.311	-7.661
I10R	0.344	0.699	-3.269	-4.472	-3.931
I10S	0.962	0.638	-2.78	-7.626	-6.69
I10T	0.944	0.649	-2.219	-3.944	-3.359
I10V	0.94	0.814	-0.367	-2.566	-2.183
A11C	0.833	0.764	-1.741	-7.318	-6.793
A11D	1.044	0.933	-2.39	-3.847	-3.526
A11E	-0.107	0.931	-2.005	-3.057	-2.8
A11F	0.73	0.668	-2.577	-6.782	-6.367
A11G	0.881	0.748	-1.656	-5.416	-4.825
A11I	0.642	0.826	-2.191	-7.813	-6.887
A11L	0.788	0.849	-2.204	-4.343	-3.998
A11M	0.397	0.793	-2.082	-5.779	-5.203
A11N	1.057	0.907	-2.291	-4.265	-3.856
A11P	0.25	0.662	-1.967	-5.61	-5.357
A11R	0.076	0.883	-2.107	-6.144	-5.563
A11S	0.867	0.872	-0.817	-2.678	-2.384
A11T	1.04	0.847	-1.47	-3.97	-3.577
A11V	1.032	0.866	-1.784	-4.358	-3.961
A11Y	-0.219	0.643	-2.558	-8.475	-7.884
E12A	1.189	0.54	-3.127	-6.059	-5.445
E12D	1.038	0.686	-1.524	-3.722	-3.109
E12G	0.948	0.456	-3.655	-6.683	-6.356
E12H	0.91	0.641	-2.622	-6.23	-5.62
E12K	0.928	0.573	-2.073	-4.25	-3.688
E12L	0.253	0.494	-4.195	-5.829	-5.012
E12N	0.861	0.688	-2.588	-6.475	-5.767
E12Q	1.016	0.66	-1.56	-4.959	-4.434
E12R	0.335	0.589	-2.587	-7.06	-6.329
E12T	0.525	0.558	-3.12	-6.81	-6.364
E12V	0.781	0.473	-3.635	-5.851	-5.163
F13A	0.64	0.385	-4.085	-6.254	-5.358
F13C	0.973	0.345	-4.093	-6.343	-5.358
F13D	1.175	0.11	-4.639	-9.193	-7.915
F13G	1.218	0.066	-4.603	-9.49	-8.972
F13I	1.029	0.65	-3.075	-4.657	-4.191
F13L	0.982	0.708	-3.093	-4.897	-4.663
F13M	-0.081	0.632	-3.084	-6.648	-5.714
F13Q	0.161	0.278	-4.473	-8.513	-7.948
F13R	-0.03	0.213	-4.522	-11.917	-10.225
F13S	0.933	0.335	-4.066	-9.06	-8.176
F13V	1.068	0.625	-3.538	-7.324	-6.44
F13W	0.878	0.453	-2.382	-8.99	-8.147
F13Y	1.064	0.535	-1.128	-3.782	-3.299
K14A	0.448	0.449	-3.263	-7.114	-6.251
K14D	1.019	0.441	-3.287	-9.024	-8.08
K14E	1.005	0.515	-2.164	-6.405	-5.75
K14F	-0.151	0.352	-4.419	-8.665	-7.916
K14H	0.224	0.521	-3.262	-5.841	-5.392
K14I	-0.302	0.419	-4.418	-8.274	-7.637
K14L	-0.276	0.451	-3.856	-8.111	-7.423
K14M	0.665	0.423	-3.283	-7.321	-6.79
K14N	0.853	0.495	-2.713	-7.691	-6.702
K14Q	0.793	0.549	-2.133	-3.238	-2.895
K14R	0.9	0.651	-1.57	-2.147	-1.998
K14S	0.576	0.441	-2.7	-6.073	-5.404
K14T	0.788	0.477	-3.273	-5.596	-4.881
K14Y	0.344	0.383	-3.846	-7.405	-6.776
E15A	0.75	0.574	-3.344	-4.728	-4.183
E15C	0.47	0.455	-5.037	-9.677	-8.44
E15D	1.024	0.681	-1.65	-3.205	-2.621
E15G	0.973	0.455	-3.795	-6.905	-6.
E15H	0.921	0.624	-2.806	-7.128	-6.48
E15I	1.154	0.428	-4.519	-7.999	-7.146
E15K	0.784	0.595	-2.24	-5.213	-4.734
E15L	1.153	0.46	-4.52	-6.915	-5.892
E15M	0.114	0.452	-3.942	-7.588	-6.74
E15N	0.217	0.652	-2.769	-6.793	-5.922
E15P	0.243	0.308	-3.331	-11.945	-10.17
E15Q	0.867	0.667	-1.683	-4.263	-3.818
E15R	0.369	0.575	-2.8	-6.587	-6.017
E15S	1.094	0.557	-2.766	-7.544	-6.746
E15T	0.32	0.585	-3.309	-6.07	-5.299
E15V	0.841	0.481	-3.942	-6.95	-6.182
E15W	0.583	0.194	-4.501	-8.652	-8.014
E15Y	0.863	0.367	-3.907	-10.462	-9.172
A16C	0.302	0.646	-2.323	-5.84	-4.625
A16D	0.549	0.364	-3.407	-8.572	-7.629
A16E	0.216	0.388	-2.869	-9.606	-8.672
A16F	0.649	0.396	-3.472	-8.286	-7.779
A16G	0.956	0.324	-2.11	-5.307	-4.553
A16H	0.272	0.44	-3.433	-8.712	-7.867
A16I	1.112	0.664	-2.884	-5.801	-4.951
A16K	0.233	0.434	-2.868	-8.197	-7.25
A16L	0.929	0.629	-2.866	-6.3	-5.707
A16M	1.003	0.627	-2.88	-5.428	-4.893
A16N	-0.041	0.392	-3.34	-8.413	-7.458
A16P	0.346	0.266	-2.862	-9.71	-9.368
A16Q	0.719	0.434	-2.869	-8.271	-7.167
A16R	0.482	0.395	-2.868	-8.166	-7.324
A16S	0.907	0.601	-1.674	-5.946	-5.108
A16T	0.933	0.622	-2.288	-4.106	-3.236
A16V	0.969	0.589	-2.306	-4.394	-3.83
A16W	0.929	0.36	-4.035	-10.9	-9.938
A16Y	0.891	0.348	-3.456	-9.584	-8.943
F17C	0.022	0.038	-4.564	-10.469	-9.293
F17H	0.791	0.001	-4.152	-8.722	-7.454
F17I	0.942	0.046	-3.451	-7.97	-6.9
F17L	1.003	0.053	-3.417	-7.854	-6.919
F17R	-0.091	0.03	-5.314	-9.548	-8.865
F17S	0.757	0.043	-4.702	-7.949	-7.463
F17V	0.892	0.063	-4.06	-8.77	-7.499
F17Y	0.545	0.242	-1.78	-5.763	-5.134
S18A	0.989	0.893	-1.536	-2.69	-2.452
S18C	0.738	0.846	-2.637	-5.695	-4.714
S18F	1.004	0.68	-3.385	-6.252	-5.696
S18L	1.064	0.771	-3.243	-4.838	-4.447
S18P	0.954	0.466	-2.742	-6.431	-6.582
S18R	1.092	0.866	-2.829	-4.993	-4.69
S18T	0.916	0.821	-1.665	-4.194	-3.912
S18V	0.851	0.793	-3.291	-4.892	-4.56
S18W	0.854	0.628	-3.986	-7.952	-7.379
S18Y	0.872	0.707	-3.394	-7.699	-7.034
L19I	0.565	0.808	-1.188	-3.156	-2.72
L19P	0.933	0.364	-4.048	-6.342	-6.701
L19Q	1.029	0.702	-3.589	-6.894	-6.283
L19R	0.479	0.663	-3.565	-6.01	-5.67
L19S	0.664	0.704	-3.572	-6.108	-5.729
L19V	1.084	0.762	-1.762	-4.843	-4.27
F20C	1.036	0.253	-4.564	-9.212	-7.97
F20D	0.567	0.146	-5.327	-9.458	-9.309
F20H	0.645	0.18	-4.12	-7.817	-6.936
F20I	0.974	0.416	-3.239	-5.828	-5.137
F20L	0.992	0.432	-3.098	-6.051	-5.232
F20N	0.412	0.193	-5.244	-7.661	-7.067
F20P	0.427	0.088	-5.76	-11.574	-10.907
F20Q	0.924	0.178	-5.179	-8.52	-7.998
F20S	0.933	0.21	-4.62	-7.405	-6.647
F20T	0.154	0.208	-4.553	-9.769	-8.754
F20V	1.212	0.37	-3.871	-7.132	-6.188
F20Y	1.154	0.389	-1.747	-3.834	-2.986
D21A	0.382	0.078	-5.686	-5.541	-4.247
D21C	1.196	0.069	-6.39	-8.245	-6.48
D21E	1.089	0.224	-2.859	-6.258	-4.99
D21F	1.163	0.022	-6.441	-10.375	-9.014
D21G	0.983	0.045	-5.016	-7.849	-6.349
D21H	0.694	0.111	-5.015	-8.148	-6.882
D21I	0.109	0.041	-6.4	-8.285	-7.006
D21K	0.182	0.041	-5.006	-8.678	-7.519
D21L	0.966	0.046	-7.13	-8.495	-7.073
D21N	0.893	0.216	-3.557	-4.6	-3.316
D21P	1.298	0.013	-4.915	-10.052	-8.855
D21Q	0.792	0.188	-4.29	-9.392	-8.08
D21R	0.86	0.063	-5.722	-10.016	-8.653
D21S	0.913	0.082	-4.262	-7.035	-6.071
D21T	-0.19	0.103	-4.926	-7.483	-6.066
D21V	1.027	0.048	-6.38	-6.294	-4.97
D21W	1.043	0.019	-7.169	-9.358	-8.459
D21Y	0.95	0.033	-6.427	-7.786	-6.649
K22A	1.087	0.783	-4.316	-5.207	-4.591
K22C	1.017	0.729	-5.793	-10.119	-8.937
K22D	0.377	0.696	-4.325	-6.175	-5.569
K22E	1.026	0.772	-2.868	-5.703	-5.109
K22F	0.678	0.534	-5.807	-8.587	-7.467
K22G	0.29	0.525	-5.004	-6.028	-5.437
K22H	0.359	0.697	-4.304	-5.476	-4.764
K22I	0.988	0.751	-5.8	-6.453	-5.922
K22L	0.476	0.731	-5.07	-5.882	-5.303
K22M	0.569	0.64	-4.313	-7.319	-6.448
K22N	1.068	0.709	-3.576	-5.423	-5.099
K22P	-0.017	0.556	-4.348	-7.238	-6.795
K22Q	0.999	0.714	-2.83	-5.465	-4.785
K22R	1.061	0.763	-2.105	-3.777	-3.127
K22S	0.94	0.756	-3.59	-5.005	-4.559
K22T	0.861	0.783	-4.319	-3.977	-3.674
K22V	0.873	0.741	-5.074	-5.747	-5.115
K22W	0.043	0.478	-5.791	-9.055	-8.233
K22Y	0.618	0.566	-5.066	-9.612	-8.476
D23A	1.011	0.253	-5.737	-6.686	-6.129
D23E	0.955	0.395	-2.876	-4.903	-3.955
D23G	1.029	0.207	-5.055	-5.105	-4.254
D23H	1.021	0.27	-5.04	-6.889	-6.396
D23K	1.326	0.206	-5.031	-5.886	-4.878
D23N	1.059	0.425	-3.557	-2.42	-1.78
D23R	0.78	0.185	-5.733	-7.676	-6.443
D23S	-0.226	0.248	-4.296	-6.22	-5.424
D23T	-0.075	0.236	-5.029	-5.742	-5.202
D23V	0.994	0.154	-6.504	-9.455	-8.135
D23Y	0.96	0.091	-6.509	-7.819	-6.935
G24A	0.959	0.363	-4.293	-4.977	-4.218
G24C	0.918	0.276	-6.451	-5.277	-4.714
G24D	1.008	0.412	-4.955	-4.04	-3.645
G24L	0.508	0.281	-7.213	-7.847	-6.874
G24N	0.5	0.487	-4.282	-3.165	-2.659
G24R	0.932	0.429	-5.762	-4.16	-3.55
G24S	0.945	0.372	-4.278	-3.358	-2.666
G24V	0.971	0.239	-6.447	-8.812	-8.069
G24Y	0.671	0.198	-6.483	-8.791	-7.806
D25A	1.097	0.278	-5.723	-6.377	-5.94
D25E	0.76	0.359	-2.882	-6.168	-5.163
D25G	0.984	0.202	-5.051	-4.523	-3.821
D25H	0.704	0.33	-4.982	-6.565	-5.979
D25N	1.027	0.415	-3.582	-1.87	-1.333
D25V	0.885	0.221	-6.493	-10.334	-8.668
G26A	1.059	0.083	-4.543	-6.561	-5.134
G26C	0.923	0.057	-6.72	-8.056	-6.895
G26D	0.945	0.145	-5.288	-5.545	-4.489
G26N	0.267	0.139	-4.545	-5.125	-4.044
G26R	1.202	0.069	-5.99	-5.869	-4.394
G26S	0.913	0.075	-4.543	-6.305	-4.937
G26V	0.948	0.042	-6.707	-8.464	-7.263
T27A	1.015	0.819	-1.917	-2.953	-2.607
T27C	0.166	0.833	-2.184	-2.25	-2.05
T27D	0.638	0.738	-2.313	-5.62	-5.154
T27E	0.605	0.745	-1.792	-4.713	-4.435
T27F	0.378	0.759	-3.514	-4.447	-3.887
T27G	0.979	0.552	-3.307	-6.825	-6.28
T27H	0.41	0.745	-2.732	-4.449	-3.919
T27I	0.967	0.773	-2.98	-3.745	-3.361
T27K	0.533	0.811	-1.991	-2.732	-2.433
T27L	0.3	0.791	-2.713	-5.435	-4.811
T27M	0.909	0.763	-2.123	-4.743	-4.365
T27N	1.035	0.774	-1.889	-2.656	-2.408
T27P	0.885	0.44	-2.621	-6.697	-6.095
T27R	0.958	0.808	-2.035	-3.104	-2.825
T27S	0.964	0.816	-1.274	-2.135	-1.861
T27V	0.747	0.786	-2.288	-3.347	-2.933
T27W	0.522	0.681	-3.278	-8.577	-7.451
T27Y	0.29	0.805	-2.946	-3.866	-3.648
I28A	0.366	0.099	-4.063	-8.721	-7.599
I28F	1.058	0.081	-3.248	-7.453	-6.376
I28G	0.107	0.034	-6.479	-9.056	-8.831
I28K	0.775	0.01	-5.671	-9.585	-8.768
I28L	0.919	0.306	-1.623	-5.537	-4.732
I28M	1.149	0.332	-2.437	-7.15	-6.04
I28N	0.945	0.017	-5.672	-8.95	-8.314
I28P	-0.232	0.046	-5.677	-8.416	-8.303
I28Q	-0.121	0.036	-5.67	-9.919	-8.928
I28R	1.037	0.055	-5.666	-8.555	-7.634
I28S	0.832	0.08	-4.873	-6.316	-5.845
I28T	0.895	0.123	-4.063	-8.396	-7.334
I28V	0.895	0.346	-0.811	-3.624	-2.676
I28W	0.392	0.015	-5.671	-10.527	-9.364
T29A	0.994	0.538	-4.052	-3.964	-3.384
T29F	0.692	0.244	-5.678	-9.114	-8.059
T29G	-0.047	0.323	-5.677	-6.894	-6.125
T29I	1.008	0.268	-4.867	-8.816	-7.348
T29K	1.07	0.344	-4.864	-4.921	-4.436
T29L	0.438	0.313	-4.865	-5.84	-5.143
T29M	0.583	0.286	-4.859	-7.984	-7.143
T29P	0.984	0.29	-4.871	-5.991	-4.856
T29R	0.445	0.35	-4.865	-5.218	-4.686
T29S	0.694	0.578	-3.233	-2.16	-1.875
T29V	1.29	0.287	-4.057	-9.135	-8.126
T30A	1.044	0.748	-4.013	-2.702	-2.542
T30C	-0.087	0.729	-4.839	-5.333	-5.08
T30E	0.671	0.671	-4.843	-7.588	-7.151
T30G	0.67	0.469	-5.653	-6.775	-6.256
T30I	1.02	0.735	-4.819	-3.992	-3.639
T30K	0.187	0.784	-4.843	-5.83	-5.313
T30L	0.718	0.764	-4.831	-5.009	-4.613
T30M	0.355	0.755	-4.828	-5.275	-4.716
T30N	0.403	0.561	-4.044	-5.495	-5.193
T30P	0.852	0.61	-4.842	-5.877	-5.256
T30R	1.256	0.758	-4.85	-6.891	-6.419
T30S	0.996	0.77	-3.219	-2.479	-2.272
K31A	0.696	0.804	-4.693	-3.103	-2.709
K31C	-0.235	0.71	-6.327	-8.159	-6.808
K31D	0.24	0.884	-4.703	-3.959	-3.622
K31E	1.09	0.877	-3.093	-2.604	-2.293
K31F	0.733	0.603	-6.33	-7.374	-6.574
K31G	0.904	0.599	-5.513	-4.169	-3.667
K31H	1.124	0.844	-4.682	-4.839	-4.468
K31I	1.01	0.581	-6.32	-6.38	-5.85
K31L	0.851	0.582	-5.516	-6.573	-5.8
K31M	0.87	0.657	-4.687	-7.468	-6.831
K31N	0.951	0.848	-3.887	-4.889	-4.393
K31P	0.081	0.508	-4.737	-6.57	-5.977
K31Q	0.992	0.905	-3.048	-3.433	-2.947
K31R	0.984	0.807	-2.253	-3.343	-2.747
K31S	0.619	0.785	-3.886	-3.902	-3.525
K31T	0.938	0.82	-4.661	-3.822	-3.405
K31W	0.9	0.512	-6.329	-8.788	-7.433
K31Y	0.894	0.546	-5.518	-7.268	-6.381
E32A	1.115	0.164	-4.935	-7.393	-6.539
E32D	1.048	0.366	-2.454	-3.659	-2.728
E32G	1.02	0.122	-5.745	-6.748	-5.719
E32H	1.261	0.245	-4.093	-8.262	-6.975
E32K	0.981	0.158	-3.277	-5.907	-4.991
E32L	0.618	0.137	-6.582	-8.178	-7.35
E32M	0.362	0.142	-5.745	-7.544	-6.408
E32V	1.034	0.129	-5.765	-7.146	-6.503
L33A	1.12	0.16	-4.144	-6.38	-5.283
L33E	-0.125	0.026	-5.801	-9.626	-9.203
L33F	1.083	0.261	-3.305	-5.731	-5.193
L33G	-0.192	0.008	-6.63	-9.111	-8.228
L33H	0.743	0.09	-5.794	-6.41	-6.088
L33I	0.896	0.377	-1.657	-3.902	-2.924
L33M	0.376	0.311	-1.656	-4.887	-3.739
L33P	0.878	0.068	-5.803	-8.376	-7.583
L33Q	-0.28	0.079	-4.973	-8.752	-8.356
L33R	0.42	0.104	-4.973	-7.077	-5.771
L33S	0.861	0.145	-4.972	-6.754	-6.534
L33T	1.069	0.149	-4.144	-7.205	-6.561
L33V	0.74	0.314	-2.486	-3.623	-2.545
L33W	-0.338	0.165	-4.969	-8.776	-7.709
L33Y	0.628	0.266	-4.135	-7.905	-6.767
G34C	1.026	0.752	-7.333	-9.822	-8.86
G34D	0.084	0.806	-5.725	-6.751	-5.956
G34E	0.964	0.858	-6.52	-6.572	-5.827
G34I	0.279	0.739	-8.15	-8.386	-7.531
G34K	0.371	0.91	-6.512	-7.13	-6.684
G34L	0.95	0.804	-8.148	-7.471	-6.809
G34R	1.023	0.871	-6.502	-6.637	-5.905
G34S	1.253	0.837	-4.873	-5.718	-5.064
G34V	0.548	0.762	-7.325	-7.879	-7.117
T35A	0.97	0.92	-4.149	-3.317	-2.907
T35C	0.907	0.836	-4.981	-6.669	-6.061
T35F	0.893	0.759	-5.809	-7.704	-6.859
T35I	1.062	0.849	-4.961	-3.303	-2.979
T35M	0.206	0.826	-4.972	-5.308	-4.795
T35N	0.616	0.936	-4.161	-5.137	-4.751
T35P	0.876	0.658	-4.988	-6.343	-5.425
T35R	0.858	0.883	-4.991	-6.804	-6.415
T35S	0.971	0.908	-3.326	-3.857	-3.561
T35V	0.189	0.873	-4.131	-3.685	-3.491
T35W	0.976	0.706	-5.821	-10.148	-9.057
T35Y	0.046	0.727	-5.812	-7.554	-6.788
V36A	0.991	0.664	-3.013	-4.185	-3.738
V36C	0.622	0.648	-3.958	-8.317	-7.546
V36D	0.886	0.408	-5.629	-10.761	-9.635
V36E	0.971	0.442	-4.802	-9.815	-8.592
V36F	1.041	0.49	-4.027	-6.135	-5.331
V36G	0.837	0.535	-5.557	-7.719	-7.396
V36I	1.	0.686	-0.814	-3.771	-3.13
V36L	0.338	0.698	-2.393	-5.305	-4.584
V36M	0.875	0.715	-2.406	-5.487	-4.855
V36N	-0.223	0.4	-5.626	-10.761	-9.686
V36P	0.104	0.292	-4.803	-11.894	-10.258
V36R	0.069	0.441	-5.584	-10.433	-8.95
V36S	0.552	0.703	-4.712	-7.111	-6.394
V36T	1.174	0.63	-3.173	-6.788	-5.951
V36W	0.244	0.46	-5.664	-8.691	-8.362
M37A	1.214	0.26	-4.896	-7.819	-6.862
M37I	1.001	0.406	-3.16	-3.672	-2.971
M37K	0.931	0.117	-4.95	-11.254	-9.701
M37L	0.926	0.465	-2.297	-4.102	-3.755
M37N	1.215	0.179	-5.784	-8.134	-7.336
M37R	0.76	0.144	-4.95	-9.255	-8.15
M37S	0.378	0.271	-4.941	-8.865	-7.96
M37T	0.954	0.224	-4.895	-7.268	-6.528
M37V	1.038	0.382	-3.205	-5.852	-5.003
M37W	1.137	0.29	-4.952	-6.187	-5.66
R38A	0.521	0.374	-5.022	-6.214	-5.681
R38C	0.793	0.339	-6.719	-7.978	-6.874
R38E	1.144	0.397	-4.182	-5.293	-4.909
R38G	1.	0.23	-5.844	-6.341	-5.961
R38H	0.203	0.381	-4.197	-4.951	-4.49
R38K	0.958	0.489	-2.482	-3.49	-2.99
R38L	0.66	0.307	-5.879	-6.073	-5.337
R38M	1.038	0.274	-5.031	-8.119	-7.218
R38N	-0.099	0.412	-4.182	-6.197	-5.669
R38P	0.651	0.229	-5.864	-9.296	-8.363
R38Q	0.682	0.416	-3.346	-3.816	-3.43
R38S	0.807	0.353	-5.016	-5.399	-5.009
R38T	1.014	0.361	-5.03	-5.416	-4.803
R38V	1.042	0.321	-6.71	-7.795	-6.852
R38W	1.037	0.22	-6.716	-7.309	-6.494
S39A	0.909	0.798	-2.512	-3.072	-2.743
S39C	0.853	0.706	-4.193	-5.309	-4.147
S39E	0.224	0.69	-3.363	-6.663	-6.249
S39G	0.56	0.556	-3.362	-6.281	-5.725
S39I	0.939	0.611	-5.017	-7.479	-6.828
S39K	0.473	0.671	-3.363	-6.292	-5.898
S39L	1.091	0.613	-5.017	-5.29	-4.913
S39N	0.664	0.753	-2.526	-5.654	-5.293
S39P	1.015	0.38	-4.204	-9.164	-8.133
S39R	1.	0.685	-4.201	-6.286	-5.874
S39T	0.943	0.778	-2.516	-4.654	-4.264
S39W	1.157	0.534	-5.851	-8.916	-7.959
S39Y	1.247	0.529	-4.996	-9.167	-8.311
L40A	1.234	0.315	-4.231	-6.193	-5.405
L40F	0.281	0.305	-3.386	-5.533	-4.796
L40H	1.198	0.217	-5.924	-9.646	-8.613
L40I	1.217	0.481	-1.692	-3.984	-3.335
L40K	1.042	0.244	-5.077	-8.971	-7.941
L40M	1.099	0.428	-1.692	-4.458	-3.629
L40N	1.263	0.24	-5.924	-8.506	-7.644
L40P	0.766	0.128	-5.919	-9.324	-7.621
L40Q	1.143	0.28	-5.077	-7.196	-6.263
L40R	0.744	0.232	-5.078	-7.723	-6.905
L40S	0.885	0.291	-5.077	-6.903	-6.072
L40T	0.357	0.306	-4.231	-5.922	-5.122
L40V	1.09	0.453	-2.538	-4.561	-3.72
L40W	0.426	0.22	-5.079	-5.449	-4.977
L40Y	0.071	0.298	-4.232	-7.144	-6.312
G41A	1.024	0.141	-5.01	-6.621	-5.686
G41C	0.834	0.096	-7.535	-8.076	-7.372
G41D	1.029	0.185	-5.824	-4.701	-3.943
G41E	1.279	0.18	-6.666	-7.287	-6.549
G41H	0.197	0.156	-6.68	-8.357	-7.537
G41N	0.248	0.191	-4.998	-4.886	-4.142
G41Q	0.062	0.193	-6.67	-7.828	-6.989
G41R	1.003	0.15	-6.662	-6.273	-5.483
G41S	0.944	0.152	-5.003	-6.109	-5.431
G41V	0.907	0.101	-7.528	-8.2	-6.697
Q42D	0.096	0.918	-4.218	-8.389	-7.652
Q42E	0.509	0.925	-2.526	-5.422	-4.899
Q42G	0.714	0.765	-5.906	-6.478	-5.931
Q42H	1.03	0.924	-4.218	-4.274	-3.613
Q42K	0.581	0.88	-3.368	-4.447	-3.991
Q42L	1.014	0.949	-5.883	-4.638	-4.142
Q42P	0.788	0.836	-5.059	-8.882	-8.351
Q42R	1.034	0.853	-3.37	-4.68	-4.154
Q42V	0.115	0.952	-5.891	-7.278	-6.832
Q42W	0.461	0.886	-5.903	-8.332	-7.647
N43D	0.945	0.818	-4.213	-5.209	-4.828
N43F	1.258	0.641	-7.592	-7.48	-7.068
N43G	0.638	0.616	-5.052	-7.705	-7.215
N43H	1.092	0.796	-4.219	-4.929	-4.617
N43I	1.073	0.58	-7.592	-6.725	-6.164
N43K	0.91	0.712	-5.056	-4.466	-4.143
N43R	1.317	0.704	-5.061	-6.041	-5.542
N43S	1.074	0.72	-4.195	-3.322	-3.087
N43T	1.176	0.713	-5.051	-4.625	-4.178
N43W	0.274	0.547	-8.437	-10.057	-9.522
N43Y	1.015	0.605	-6.75	-5.621	-5.244
P44A	1.059	0.399	-6.774	-5.265	-4.703
P44H	0.891	0.363	-7.622	-7.634	-6.909
P44I	0.549	0.45	-8.469	-5.78	-5.437
P44L	1.021	0.5	-8.469	-6.109	-5.942
P44Q	0.949	0.338	-6.774	-7.577	-6.875
P44R	0.77	0.306	-7.622	-8.31	-7.647
P44S	0.967	0.377	-6.772	-5.954	-5.208
P44T	1.015	0.386	-6.774	-5.573	-5.178
P44V	1.159	0.483	-7.622	-5.117	-4.579
T45A	1.088	0.562	-2.717	-4.661	-4.289
T45D	-0.364	0.446	-3.575	-5.263	-4.876
T45E	1.203	0.498	-3.572	-6.786	-6.244
T45F	1.129	0.247	-4.71	-9.243	-8.566
T45G	0.42	0.377	-4.119	-7.651	-6.828
T45I	0.832	0.332	-4.157	-4.011	-3.762
T45K	1.029	0.398	-3.567	-5.726	-5.13
T45L	0.954	0.358	-4.149	-7.087	-6.451
T45N	0.789	0.467	-2.723	-4.823	-4.489
T45P	0.611	0.342	-3.871	-5.139	-4.731
T45R	0.973	0.352	-3.87	-5.698	-5.22
T45S	0.926	0.581	-1.269	-2.152	-2.005
T45V	0.685	0.38	-3.618	-6.673	-5.735
T45W	0.739	0.246	-5.022	-9.836	-9.081
E46A	0.89	0.561	-5.095	-5.277	-4.528
E46C	0.089	0.512	-7.643	-10.082	-8.795
E46D	0.867	0.721	-2.546	-2.312	-1.917
E46F	0.345	0.368	-6.798	-8.583	-7.791
E46G	1.007	0.406	-5.946	-7.343	-6.682
E46H	0.641	0.566	-4.245	-7.879	-6.95
E46I	1.15	0.536	-6.798	-7.056	-6.4
E46K	0.629	0.528	-3.392	-4.309	-4.02
E46L	0.842	0.52	-6.795	-5.997	-5.496
E46M	1.233	0.499	-5.94	-6.816	-5.916
E46N	-0.011	0.668	-4.243	-4.426	-3.919
E46P	1.362	0.465	-5.095	-4.737	-4.281
E46Q	1.03	0.623	-2.531	-4.372	-3.739
E46R	0.89	0.528	-4.24	-6.157	-5.633
E46S	0.338	0.601	-4.243	-7.018	-6.541
E46V	0.964	0.525	-5.947	-6.891	-6.304
E46W	0.829	0.333	-6.794	-10.271	-9.148
E46Y	0.09	0.349	-5.944	-7.954	-7.083
A47C	0.563	0.734	-2.757	-7.611	-7.458
A47D	0.833	0.875	-3.486	-5.048	-4.797
A47E	1.146	0.89	-2.932	-3.056	-2.975
A47F	0.306	0.588	-4.118	-7.111	-6.748
A47G	0.922	0.669	-2.449	-5.372	-4.974
A47H	0.908	0.831	-3.808	-8.257	-7.755
A47I	0.906	0.699	-3.558	-5.377	-5.06
A47K	0.831	0.837	-2.955	-4.609	-4.263
A47L	0.723	0.736	-3.569	-6.507	-6.014
A47M	1.179	0.742	-3.257	-7.364	-6.989
A47N	0.58	0.893	-3.185	-5.89	-5.504
A47P	0.699	0.67	-3.273	-5.951	-5.849
A47Q	0.561	0.917	-2.945	-3.709	-3.381
A47R	0.987	0.799	-3.269	-5.734	-5.318
A47S	1.006	0.86	-0.681	-3.009	-2.798
A47T	1.017	0.858	-2.077	-3.873	-3.682
A47V	0.935	0.714	-3.004	-5.887	-5.453
A47W	0.906	0.345	-4.955	-9.47	-8.865
E48A	0.389	0.29	-5.111	-7.743	-7.132
E48C	0.701	0.168	-7.674	-10.094	-9.539
E48D	1.085	0.485	-2.556	-2.926	-2.255
E48F	1.038	0.227	-6.822	-9.726	-8.767
E48G	1.062	0.211	-5.957	-8.63	-7.819
E48H	0.301	0.365	-4.264	-9.616	-8.712
E48I	0.812	0.249	-6.821	-8.88	-8.18
E48K	0.739	0.304	-3.408	-5.717	-4.862
E48L	0.783	0.273	-6.822	-8.085	-7.355
E48M	1.164	0.248	-5.968	-7.022	-6.178
E48N	0.743	0.481	-4.26	-6.698	-6.049
E48Q	0.461	0.459	-2.557	-4.7	-3.904
E48R	0.653	0.272	-4.263	-8.115	-7.085
E48S	0.569	0.287	-4.259	-7.691	-7.063
E48T	-0.073	0.316	-5.114	-7.524	-6.581
E48V	0.918	0.276	-5.967	-8.428	-7.576
E48W	1.073	0.193	-6.821	-10.357	-9.74
E48Y	0.965	0.208	-5.969	-10.174	-9.012
L49A	1.142	0.384	-4.25	-7.201	-6.658
L49C	0.027	0.337	-4.253	-9.707	-8.97
L49E	1.192	0.265	-5.957	-10.811	-9.816
L49F	0.987	0.34	-3.398	-8.025	-7.683
L49G	1.04	0.225	-6.784	-9.551	-8.821
L49I	0.774	0.57	-1.699	-3.07	-2.632
L49M	0.869	0.493	-1.697	-6.152	-5.712
L49P	0.044	0.163	-5.959	-10.224	-9.366
L49Q	0.261	0.256	-5.104	-9.269	-8.69
L49R	1.11	0.254	-5.104	-10.708	-9.666
L49S	0.898	0.361	-5.099	-9.422	-8.549
L49V	1.1	0.564	-2.547	-3.38	-2.861
L49W	0.879	0.271	-5.103	-10.176	-9.687
L49Y	1.215	0.32	-4.249	-9.618	-9.227
Q50E	0.972	0.862	-2.479	-3.052	-2.859
Q50G	0.49	0.596	-5.805	-5.485	-5.155
Q50H	0.958	0.861	-4.112	-3.805	-3.49
Q50K	1.051	0.823	-3.266	-2.033	-1.951
Q50L	1.083	0.725	-5.829	-2.934	-2.62
Q50N	0.63	0.86	-4.107	-4.668	-4.291
Q50P	0.425	0.596	-5.001	-7.768	-7.322
Q50R	1.079	0.78	-3.201	-2.934	-2.68
Q50W	0.736	0.568	-5.853	-8.384	-7.774
D51A	0.947	0.693	-6.732	-3.841	-3.423
D51E	0.886	0.811	-3.327	-1.688	-1.445
D51G	0.965	0.542	-5.862	-4.69	-4.098
D51H	0.148	0.747	-5.846	-5.891	-5.183
D51L	0.26	0.623	-8.445	-6.812	-6.301
D51N	0.762	0.776	-4.198	-3.488	-3.049
D51R	0.434	0.706	-6.726	-4.979	-4.437
D51S	0.916	0.727	-5.043	-5.044	-4.511
D51T	0.591	0.679	-5.902	-5.644	-5.106
D51V	0.243	0.607	-7.595	-6.544	-5.99
D51Y	0.903	0.506	-7.577	-8.837	-8.487
M52E	0.666	0.281	-5.993	-8.42	-7.481
M52F	0.043	0.359	-4.269	-5.89	-5.373
M52G	1.129	0.218	-6.839	-9.814	-8.121
M52I	0.97	0.564	-3.394	-3.723	-3.315
M52K	0.747	0.295	-5.137	-7.519	-6.889
M52L	0.927	0.553	-2.545	-4.139	-3.916
M52N	1.162	0.322	-5.997	-8.963	-7.958
M52P	0.974	0.182	-5.993	-9.868	-9.115
M52R	0.781	0.246	-5.139	-6.779	-5.943
M52S	0.686	0.319	-5.13	-7.665	-6.851
M52T	1.025	0.325	-5.124	-6.933	-5.867
M52V	0.947	0.544	-3.394	-5.719	-5.374
M52W	0.654	0.319	-5.137	-6.293	-5.658
I53A	1.227	0.381	-4.188	-8.531	-7.71
I53C	1.101	0.348	-4.226	-8.556	-7.812
I53D	0.614	0.261	-5.899	-11.493	-10.422
I53F	0.987	0.502	-3.391	-6.883	-6.444
I53G	0.271	0.282	-6.72	-9.248	-7.793
I53K	1.143	0.359	-5.868	-7.833	-6.929
I53L	1.176	0.646	-1.686	-5.204	-4.561
I53M	1.2	0.622	-2.483	-4.831	-4.383
I53R	1.046	0.375	-5.891	-7.64	-6.775
I53S	0.634	0.39	-5.023	-7.861	-7.172
I53T	1.04	0.405	-4.171	-7.39	-6.694
I53V	1.036	0.653	-0.8	-1.904	-1.473
I53W	0.571	0.407	-5.923	-11.027	-10.415
N54A	-0.375	0.859	-6.467	-2.686	-2.503
N54C	0.367	0.759	-7.405	-8.635	-7.659
N54D	1.018	0.893	-4.105	-3.133	-2.933
N54E	0.445	0.918	-4.912	-4.331	-4.114
N54F	0.232	0.633	-7.432	-9.899	-9.026
N54G	0.299	0.697	-4.803	-5.074	-4.509
N54H	0.808	0.865	-4.119	-5.706	-5.443
N54I	0.888	0.746	-7.441	-8.545	-7.74
N54K	0.828	0.875	-4.908	-3.298	-3.001
N54L	-0.28	0.774	-7.436	-6.522	-6.001
N54M	0.867	0.771	-6.585	-6.865	-6.427
N54P	0.81	0.598	-6.573	-10.146	-9.196
N54Q	0.613	0.891	-4.912	-5.262	-4.968
N54R	0.578	0.88	-4.915	-4.375	-4.078
N54S	0.897	0.855	-3.996	-3.646	-3.265
N54T	0.466	0.894	-4.901	-6.032	-5.523
N54V	0.457	0.733	-7.418	-7.268	-6.615
N54W	0.838	0.607	-8.256	-12.376	-10.259
N54Y	1.051	0.647	-6.614	-8.366	-7.94
E55A	0.842	0.86	-5.16	-5.941	-5.516
E55C	0.388	0.793	-7.769	-11.881	-10.982
E55D	0.955	0.878	-2.532	-3.558	-3.045
E55F	0.2	0.651	-6.905	-10.418	-9.41
E55G	1.017	0.7	-5.965	-5.14	-4.202
E55H	1.062	0.869	-4.294	-7.736	-6.94
E55I	0.547	0.807	-6.916	-9.361	-8.435
E55K	0.944	0.851	-3.436	-5.615	-4.843
E55L	0.23	0.829	-6.923	-8.045	-7.4
E55M	0.92	0.8	-6.047	-8.175	-7.468
E55N	0.808	0.901	-4.276	-6.526	-5.877
E55P	1.2	0.642	-5.162	-8.421	-7.659
E55Q	0.918	0.903	-2.585	-4.348	-3.662
E55R	1.138	0.834	-4.311	-6.019	-5.556
E55S	1.075	0.846	-4.277	-5.526	-4.949
E55V	1.033	0.817	-6.05	-7.516	-6.877
E55W	1.044	0.588	-6.908	-9.897	-9.036
E55Y	0.71	0.707	-6.049	-10.009	-9.322
V56A	0.991	0.72	-3.541	-2.217	-1.982
V56E	0.753	0.496	-5.323	-6.05	-5.387
V56G	1.038	0.491	-6.202	-5.066	-4.392
V56K	1.342	0.508	-5.32	-8.242	-6.964
V56L	0.984	0.784	-2.562	-3.961	-3.537
V56M	0.922	0.782	-2.61	-4.891	-4.441
V56R	0.485	0.471	-6.165	-7.624	-6.716
V56T	0.314	0.661	-3.546	-6.762	-6.128
D57A	0.754	0.186	-7.159	-8.131	-6.972
D57C	0.615	0.154	-8.067	-9.793	-8.194
D57E	1.052	0.281	-3.582	-5.62	-4.402
D57F	0.65	0.061	-8.01	-8.862	-7.566
D57G	1.003	0.161	-6.269	-6.729	-4.986
D57H	0.795	0.331	-6.235	-8.008	-7.098
D57K	0.83	0.153	-6.276	-8.087	-6.547
D57L	0.234	0.111	-8.946	-8.962	-7.624
D57N	1.025	0.284	-4.482	-5.878	-4.689
D57P	0.013	0.102	-6.286	-10.53	-9.332
D57Q	0.806	0.297	-5.378	-8.175	-7.118
D57R	1.181	0.131	-7.173	-7.961	-6.981
D57S	0.505	0.164	-5.369	-8.727	-7.288
D57T	0.856	0.188	-6.268	-8.834	-7.715
D57V	0.907	0.095	-8.054	-8.429	-7.012
D57W	1.106	0.015	-8.942	-10.544	-9.141
D57Y	0.94	0.073	-8.026	-8.826	-7.676
A58D	0.889	0.781	-4.914	-4.553	-4.043
A58E	1.123	0.83	-3.957	-2.445	-2.346
A58F	0.528	0.698	-5.046	-4.898	-4.379
A58G	0.731	0.686	-3.374	-4.883	-4.437
A58P	1.216	0.741	-4.131	-3.084	-2.554
A58S	0.764	0.867	-2.383	-2.442	-2.267
A58T	1.035	0.888	-3.24	-1.535	-1.45
A58V	1.058	0.835	-3.311	-1.882	-1.816
D59A	1.029	0.293	-7.137	-6.788	-5.862
D59C	1.228	0.261	-8.055	-9.23	-7.778
D59E	1.033	0.43	-3.564	-4.134	-3.307
D59F	1.006	0.159	-8.016	-9.844	-8.374
D59G	0.992	0.242	-6.219	-4.165	-3.352
D59H	1.223	0.467	-6.177	-7.612	-6.716
D59L	0.989	0.237	-8.937	-8.971	-7.973
D59N	0.973	0.518	-4.357	-3.578	-2.971
D59S	0.781	0.327	-5.308	-6.134	-5.251
D59V	0.867	0.233	-8.053	-8.075	-7.148
D59Y	0.813	0.205	-8.012	-8.24	-7.052
G60C	1.014	0.523	-6.251	-6.569	-5.903
G60D	1.086	0.587	-3.828	-5.469	-4.717
G60N	1.084	0.587	-1.777	-4.375	-3.656
G60R	0.839	0.513	-4.687	-3.981	-3.384
G60S	1.069	0.547	-3.233	-4.387	-3.666
G60V	0.385	0.398	-6.248	-6.887	-6.26
G60Y	0.938	0.378	-5.935	-9.36	-7.852
N61A	1.135	0.402	-6.744	-6.304	-5.727
N61D	0.958	0.584	-4.207	-3.614	-3.358
N61F	0.356	0.169	-7.782	-9.093	-8.809
N61H	-0.107	0.486	-4.308	-8.52	-7.545
N61I	0.896	0.301	-7.793	-6.901	-6.03
N61K	0.777	0.373	-5.034	-3.961	-3.402
N61L	0.38	0.288	-7.788	-7.556	-6.91
N61M	0.241	0.263	-6.872	-7.094	-6.417
N61R	0.212	0.348	-5.148	-4.987	-4.537
N61S	1.033	0.492	-4.033	-1.673	-1.365
N61T	0.365	0.46	-5.062	-3.867	-3.333
N61Y	0.822	0.221	-6.93	-7.351	-6.796
G62A	1.145	0.167	-5.426	-5.877	-4.833
G62C	0.978	0.142	-8.165	-10.051	-8.21
G62D	0.927	0.241	-6.344	-5.667	-4.533
G62E	1.121	0.219	-7.221	-5.816	-4.764
G62H	1.118	0.181	-7.188	-6.619	-5.4
G62M	0.869	0.105	-8.13	-6.615	-5.511
G62N	0.228	0.286	-5.41	-5.921	-5.026
G62Q	1.26	0.233	-7.223	-6.871	-5.747
G62R	1.068	0.187	-7.193	-6.51	-5.482
G62S	0.999	0.202	-5.417	-5.379	-4.588
G62T	0.12	0.195	-7.232	-7.764	-6.437
G62V	0.893	0.126	-8.139	-7.053	-6.002
T63A	0.929	0.93	-4.37	-3.88	-3.346
T63C	0.374	0.936	-5.336	-4.891	-4.245
T63D	0.442	0.934	-5.272	-6.479	-5.647
T63E	0.356	0.928	-5.244	-4.132	-3.67
T63F	0.618	0.898	-6.182	-6.764	-6.167
T63G	0.963	0.852	-6.148	-6.847	-6.007
T63I	1.019	0.912	-5.35	-3.583	-3.257
T63K	0.784	0.939	-5.245	-3.874	-3.374
T63L	0.655	0.937	-5.342	-4.347	-3.902
T63M	0.373	0.878	-5.306	-5.441	-4.795
T63N	0.571	0.94	-4.355	-5.187	-4.667
T63P	1.021	0.753	-5.332	-7.265	-6.196
T63Q	0.501	0.92	-5.252	-5.403	-4.809
T63R	0.914	0.943	-5.266	-4.129	-3.718
T63S	0.664	0.937	-3.402	-3.25	-2.765
T63V	0.841	0.922	-4.474	-3.204	-2.822
T63W	0.545	0.887	-6.248	-8.315	-7.319
I64A	0.85	0.161	-4.413	-6.997	-6.201
I64F	1.053	0.194	-3.587	-6.81	-5.37
I64L	0.826	0.436	-1.799	-3.688	-3.019
I64M	0.93	0.371	-2.667	-3.432	-2.933
I64N	0.913	0.043	-6.229	-9.461	-9.085
I64P	1.228	0.077	-6.246	-8.275	-7.451
I64R	0.565	0.107	-6.239	-8.941	-8.592
I64S	0.901	0.158	-5.3	-7.404	-6.751
I64T	1.028	0.163	-4.373	-3.513	-2.969
I64V	1.06	0.421	-0.846	-2.468	-1.887
I64Y	1.033	0.152	-4.467	-8.956	-7.85
D65A	0.934	0.435	-6.337	-5.997	-5.329
D65C	1.198	0.456	-7.181	-7.99	-7.071
D65E	0.991	0.543	-3.075	-2.271	-1.856
D65F	0.559	0.135	-6.614	-9.844	-9.111
D65G	1.026	0.28	-5.635	-6.179	-5.294
D65H	0.362	0.474	-5.095	-8.528	-7.128
D65I	0.647	0.197	-7.037	-8.252	-7.696
D65K	0.693	0.289	-5.53	-8.098	-7.367
D65L	0.629	0.23	-7.842	-9.087	-8.27
D65M	0.875	0.189	-7.035	-8.784	-7.829
D65N	1.141	0.496	-3.927	-3.336	-2.808
D65P	1.113	0.204	-5.663	-7.571	-6.621
D65Q	0.907	0.522	-4.613	-6.228	-5.388
D65R	0.146	0.293	-6.339	-8.	-6.957
D65S	1.072	0.47	-4.705	-4.1	-3.558
D65T	1.23	0.451	-5.535	-4.664	-3.842
D65V	1.021	0.225	-7.035	-7.492	-6.795
D65W	1.025	0.085	-7.547	-10.938	-10.183
D65Y	1.065	0.239	-6.208	-7.43	-6.273
F66A	1.159	0.175	-7.198	-7.694	-6.805
F66C	1.068	0.174	-7.235	-6.563	-5.546
F66D	0.048	0.162	-8.106	-8.684	-8.27
F66E	-0.152	0.184	-8.078	-8.701	-7.56
F66G	0.052	0.11	-8.13	-9.465	-8.617
F66H	0.435	0.049	-6.294	-10.041	-8.848
F66I	0.684	0.253	-5.397	-6.448	-5.712
F66L	1.03	0.303	-5.403	-5.884	-5.126
F66N	0.352	0.061	-8.099	-10.525	-9.905
F66P	0.169	0.118	-9.03	-9.008	-8.345
F66Q	0.563	0.159	-8.097	-9.159	-7.921
F66R	0.559	0.206	-8.12	-8.17	-7.295
F66S	0.946	0.197	-7.16	-7.053	-6.155
F66T	0.187	0.148	-7.2	-10.643	-9.721
F66V	1.	0.259	-6.299	-6.69	-6.117
F66W	0.211	0.351	-4.532	-5.467	-4.77
F66Y	1.001	0.386	-2.704	-4.957	-4.698
P67A	0.947	0.865	-6.69	-4.433	-4.197
P67E	0.726	0.961	-6.621	-3.831	-3.754
P67F	1.009	0.269	-9.325	-7.741	-7.33
P67H	0.883	0.946	-7.544	-5.856	-5.555
P67I	0.833	0.598	-8.518	-7.446	-6.823
P67K	0.37	0.809	-6.664	-5.566	-5.386
P67L	0.973	0.694	-8.492	-4.759	-4.392
P67Q	0.932	0.951	-6.563	-3.714	-3.594
P67R	0.822	0.781	-7.541	-7.487	-7.191
P67S	0.944	0.914	-6.575	-3.409	-3.261
P67T	0.99	0.925	-6.655	-4.517	-4.211
P67V	0.907	0.692	-7.634	-6.068	-5.717
E68A	1.156	0.173	-5.415	-7.133	-6.055
E68C	0.902	0.131	-8.139	-9.719	-8.508
E68D	0.868	0.324	-2.715	-4.842	-4.241
E68F	-0.027	0.009	-7.191	-10.03	-8.979
E68G	0.994	0.138	-6.31	-6.533	-5.525
E68K	1.006	0.143	-3.598	-6.066	-5.211
E68L	-0.308	0.122	-7.214	-8.092	-6.951
E68N	0.95	0.282	-4.519	-6.821	-5.968
E68Q	0.47	0.301	-2.707	-5.303	-4.439
E68R	-0.114	0.166	-4.512	-9.261	-8.045
E68T	0.919	0.186	-5.42	-5.643	-4.718
E68V	0.575	0.125	-6.32	-7.094	-6.094
E68W	0.762	0.009	-7.23	-10.84	-9.58
E68Y	0.531	0.053	-6.293	-9.162	-8.006
F69C	0.28	0.062	-7.291	-7.844	-7.185
F69G	-0.136	0.018	-8.195	-9.358	-8.732
F69I	0.477	0.114	-5.455	-8.012	-7.121
F69L	0.954	0.133	-5.455	-4.922	-4.09
F69M	-0.152	0.093	-5.455	-7.181	-6.023
F69R	0.066	0.03	-8.178	-9.369	-8.036
F69S	0.717	0.039	-7.275	-6.587	-6.005
F69T	0.002	0.037	-7.275	-7.434	-6.365
F69V	0.851	0.094	-6.366	-7.785	-6.744
F69Y	0.789	0.222	-2.721	-4.884	-3.934
L70A	0.71	0.491	-4.553	-6.012	-5.22
L70C	0.419	0.514	-4.547	-5.478	-4.735
L70D	0.194	0.393	-7.314	-9.332	-8.46
L70E	-0.031	0.426	-6.392	-8.489	-7.257
L70F	0.684	0.357	-3.633	-7.513	-6.876
L70G	0.874	0.259	-7.292	-9.119	-7.587
L70I	1.059	0.62	-1.817	-4.277	-3.861
L70K	1.074	0.431	-5.474	-7.55	-6.673
L70M	0.971	0.596	-1.795	-5.269	-4.69
L70N	1.242	0.389	-6.374	-9.727	-8.589
L70P	-0.22	0.273	-6.403	-9.787	-8.532
L70Q	0.172	0.418	-5.455	-6.926	-6.137
L70R	1.105	0.459	-5.464	-7.329	-6.447
L70S	1.047	0.464	-5.466	-7.77	-6.939
L70T	0.053	0.461	-4.554	-6.232	-5.622
L70V	0.975	0.639	-2.724	-3.909	-3.408
L70W	0.995	0.343	-5.486	-9.716	-8.746
L70Y	0.893	0.394	-4.561	-8.337	-7.292
T71A	1.053	0.87	-3.875	-2.423	-2.488
T71D	-0.113	0.876	-4.295	-4.14	-4.002
T71F	0.044	0.698	-5.63	-6.807	-6.341
T71G	0.782	0.7	-5.063	-3.647	-3.301
T71I	1.02	0.806	-4.897	-4.878	-4.609
T71K	1.028	0.832	-4.486	-4.055	-3.925
T71M	1.201	0.795	-4.734	-4.02	-3.982
T71N	0.849	0.905	-3.108	-1.877	-1.898
T71P	1.057	0.685	-4.715	-6.73	-5.988
T71R	0.913	0.852	-4.491	-5.466	-5.327
T71S	0.627	0.902	-2.802	-2.469	-2.386
T71V	0.669	0.822	-4.108	-3.727	-3.612
T71Y	-0.057	0.645	-5.514	-6.511	-6.178
M72E	0.255	0.336	-6.038	-9.591	-8.812
M72F	1.21	0.494	-4.053	-6.691	-6.111
M72G	0.014	0.379	-6.949	-9.424	-8.768
M72I	0.968	0.565	-2.989	-5.22	-4.378
M72K	0.61	0.334	-5.105	-8.943	-8.601
M72L	1.101	0.626	-1.906	-1.804	-1.489
M72N	1.05	0.297	-6.042	-11.628	-10.33
M72Q	1.187	0.36	-4.382	-10.785	-9.86
M72R	0.812	0.316	-5.128	-8.385	-7.883
M72T	1.056	0.523	-4.963	-7.154	-6.507
M72V	1.071	0.577	-3.15	-4.166	-3.507
M72W	0.993	0.439	-5.139	-10.679	-9.513
M73A	1.052	0.472	-5.515	-6.433	-5.512
M73E	0.805	0.394	-6.435	-8.754	-7.973
M73F	1.165	0.462	-4.59	-7.718	-6.759
M73I	0.955	0.593	-3.686	-5.1	-4.316
M73K	1.084	0.278	-5.501	-8.868	-8.102
M73L	0.906	0.599	-2.751	-5.559	-4.93
M73N	1.158	0.347	-6.44	-9.738	-8.676
M73P	0.674	0.164	-6.457	-10.806	-9.584
M73R	0.941	0.27	-5.513	-9.423	-8.191
M73S	0.118	0.47	-5.514	-8.058	-6.895
M73T	1.062	0.461	-5.522	-6.188	-5.319
M73V	1.035	0.573	-3.688	-5.537	-4.893
A74D	0.786	0.914	-5.38	-7.043	-6.57
A74E	0.209	0.917	-4.467	-6.508	-5.915
A74G	1.076	0.863	-3.584	-4.068	-3.731
A74H	0.652	0.94	-5.411	-6.621	-5.895
A74I	0.083	0.915	-4.57	-6.89	-6.327
A74N	1.023	0.931	-5.346	-6.515	-6.003
A74P	0.822	0.747	-4.529	-9.144	-8.382
A74Q	0.523	0.938	-4.449	-5.9	-5.461
A74R	0.674	0.91	-4.507	-5.902	-5.586
A74S	0.945	0.942	-2.557	-3.111	-2.839
A74T	0.964	0.933	-3.566	-3.801	-3.518
A74V	0.977	0.919	-3.674	-4.235	-3.92
R75A	0.952	0.868	-5.176	-4.551	-4.166
R75C	0.002	0.831	-6.997	-7.885	-7.691
R75E	1.121	0.898	-4.134	-5.298	-5.061
R75G	1.054	0.737	-6.104	-4.968	-4.708
R75I	1.013	0.811	-7.014	-6.117	-5.916
R75K	0.993	0.904	-2.147	-1.597	-1.564
R75L	1.205	0.845	-6.093	-5.894	-5.69
R75M	1.093	0.833	-5.177	-5.672	-5.732
R75N	-0.018	0.89	-4.259	-4.529	-4.333
R75P	0.869	0.76	-6.007	-6.412	-6.18
R75S	0.932	0.868	-5.062	-3.546	-3.32
R75T	0.305	0.904	-5.179	-4.202	-4.122
R75W	0.706	0.652	-6.991	-9.393	-8.536
K76A	1.094	0.76	-5.289	-6.275	-5.701
K76C	1.205	0.734	-7.074	-7.695	-7.051
K76D	0.772	0.829	-5.243	-6.602	-6.136
K76E	1.043	0.813	-3.457	-6.827	-6.4
K76G	0.097	0.657	-6.162	-6.629	-6.359
K76H	0.875	0.79	-5.126	-3.718	-3.439
K76I	0.9	0.805	-7.086	-5.623	-5.207
K76L	0.32	0.814	-6.185	-6.772	-6.48
K76N	0.71	0.818	-4.258	-4.796	-4.3
K76P	1.162	0.613	-5.315	-7.726	-6.847
K76Q	0.083	0.815	-3.396	-3.063	-2.634
K76R	1.003	0.841	-2.559	-1.595	-1.303
K76S	0.756	0.746	-4.348	-5.985	-5.783
K76T	0.802	0.794	-5.233	-4.759	-4.416
K76V	0.783	0.787	-6.204	-7.231	-6.992
K76W	1.135	0.743	-7.071	-8.049	-7.388
K76Y	1.244	0.741	-6.139	-6.935	-6.701
M77A	1.277	0.912	-5.492	-5.419	-4.761
M77E	0.343	0.902	-6.454	-7.568	-6.826
M77G	0.898	0.828	-7.383	-6.129	-5.317
M77I	0.976	0.94	-3.603	-3.876	-3.488
M77K	0.695	0.889	-5.52	-6.663	-5.755
M77L	1.003	0.954	-2.672	-3.407	-2.963
M77P	0.794	0.856	-6.469	-8.636	-8.13
M77Q	1.301	0.905	-4.627	-6.281	-5.684
M77R	1.015	0.873	-5.543	-6.687	-6.137
M77S	1.162	0.899	-5.521	-5.836	-5.333
M77T	0.992	0.909	-5.492	-4.7	-3.985
M77V	0.98	0.935	-3.614	-5.849	-5.021
K78A	0.419	0.911	-5.298	-4.993	-4.481
K78C	1.056	0.881	-7.152	-5.807	-5.271
K78D	0.725	0.916	-5.312	-5.887	-5.359
K78E	1.021	0.941	-3.468	-5.154	-4.624
K78F	-0.168	0.809	-7.193	-7.855	-6.903
K78G	0.968	0.864	-6.217	-4.072	-3.774
K78H	0.297	0.933	-5.244	-4.458	-4.169
K78I	0.998	0.872	-7.185	-6.707	-5.688
K78L	0.061	0.89	-6.262	-6.366	-5.685
K78M	-0.237	0.867	-5.298	-6.885	-5.993
K78N	0.651	0.931	-4.345	-2.802	-2.568
K78Q	1.044	0.926	-3.354	-3.489	-3.086
K78R	1.015	0.899	-2.472	-2.736	-2.414
K78S	1.07	0.915	-4.386	-4.026	-3.679
K78T	0.906	0.9	-5.264	-4.707	-4.265
K78V	-0.078	0.87	-6.285	-4.8	-4.279
K78W	0.045	0.559	-7.158	-8.731	-8.038
K78Y	0.909	0.764	-6.217	-8.329	-7.729
D79A	1.029	0.84	-6.923	-4.343	-4.114
D79C	1.147	0.786	-8.01	-4.235	-4.357
D79E	0.927	0.894	-3.32	-2.034	-2.112
D79F	0.855	0.64	-7.99	-7.311	-6.797
D79G	0.988	0.767	-5.995	-3.411	-3.173
D79H	0.829	0.885	-6.067	-5.196	-4.94
D79I	0.658	0.842	-8.009	-6.679	-6.127
D79K	0.815	0.802	-6.021	-4.901	-4.762
D79L	0.87	0.825	-8.849	-6.469	-6.08
D79N	0.911	0.884	-4.261	-3.5	-3.311
D79P	0.846	0.775	-6.157	-4.536	-4.261
D79Q	0.728	0.886	-5.077	-4.81	-4.482
D79R	0.969	0.824	-6.892	-5.613	-5.342
D79S	0.514	0.845	-5.153	-4.046	-3.827
D79T	0.259	0.841	-6.12	-4.511	-4.267
D79V	0.83	0.781	-7.937	-5.741	-5.327
D79W	1.083	0.62	-8.812	-7.85	-7.336
D79Y	0.937	0.665	-7.91	-6.718	-6.388
T80A	1.063	0.945	-3.966	-2.706	-2.56
T80C	0.537	0.907	-5.056	-4.575	-4.367
T80D	0.708	0.957	-4.997	-4.127	-3.904
T80E	0.883	0.954	-4.931	-3.628	-3.593
T80F	0.438	0.832	-6.014	-6.013	-5.508
T80G	0.931	0.888	-5.77	-3.351	-3.451
T80I	1.167	0.941	-5.182	-3.966	-3.688
T80K	0.868	0.924	-4.885	-4.326	-3.862
T80L	1.017	0.935	-5.15	-6.166	-5.767
T80M	1.019	0.938	-5.037	-4.985	-4.554
T80N	0.347	0.944	-4.031	-3.209	-2.943
T80P	1.003	0.903	-5.045	-4.28	-3.777
T80R	0.805	0.929	-4.899	-4.253	-3.83
T80S	0.932	0.947	-2.965	-2.671	-2.541
T80V	0.61	0.944	-4.346	-3.241	-2.919
T80W	0.495	0.859	-6.091	-6.632	-5.994
T80Y	0.4	0.873	-5.962	-5.634	-4.87
D81A	1.107	0.758	-7.428	-4.326	-3.845
D81C	0.923	0.648	-8.424	-7.386	-6.745
D81E	1.182	0.824	-3.637	-3.348	-2.858
D81G	1.01	0.635	-6.501	-3.02	-2.524
D81N	0.895	0.855	-4.621	-2.825	-2.36
D81S	-0.158	0.736	-5.551	-3.698	-3.263
D81V	1.137	0.718	-8.388	-5.69	-4.959
D81Y	0.738	0.599	-8.373	-6.667	-5.727
S82A	1.146	0.876	-2.671	-2.184	-2.04
S82C	1.174	0.857	-4.497	-4.77	-4.374
S82D	-0.162	0.887	-3.578	-2.315	-2.116
S82G	1.069	0.73	-3.65	-2.654	-2.594
S82I	0.823	0.83	-5.382	-4.609	-4.289
S82K	0.685	0.862	-3.586	-4.835	-4.655
S82N	1.087	0.869	-2.606	-2.945	-2.684
S82R	1.002	0.839	-4.448	-3.751	-3.559
S82T	0.492	0.893	-2.448	-1.197	-1.041
E83A	0.755	0.662	-5.578	-3.574	-3.03
E83D	0.722	0.772	-2.731	-3.021	-2.502
E83G	1.004	0.551	-6.497	-7.143	-6.272
E83H	1.037	0.717	-4.616	-6.759	-6.29
E83I	0.072	0.684	-7.447	-7.541	-6.775
E83K	0.925	0.695	-3.706	-4.99	-4.375
E83L	0.978	0.701	-7.455	-7.155	-6.713
E83M	0.713	0.694	-6.515	-7.073	-6.392
E83N	-0.092	0.792	-4.603	-6.68	-6.026
E83Q	0.389	0.789	-2.782	-4.421	-3.971
E83R	0.034	0.725	-4.652	-5.608	-4.911
E83T	0.089	0.642	-5.557	-5.037	-4.509
E83V	1.036	0.68	-6.522	-5.661	-4.822
E83W	0.959	0.422	-7.451	-10.533	-8.811
E83Y	0.395	0.575	-6.478	-8.342	-7.579
E84A	1.213	0.647	-5.479	-2.76	-2.329
E84D	1.053	0.761	-2.723	-1.6	-1.23
E84F	0.833	0.457	-7.356	-11.04	-9.984
E84G	1.022	0.517	-6.423	-5.247	-4.811
E84I	1.196	0.531	-7.372	-8.047	-7.271
E84K	0.869	0.615	-3.685	-3.889	-3.415
E84L	0.835	0.554	-7.379	-7.946	-7.218
E84N	0.973	0.743	-4.589	-5.02	-4.427
E84Q	0.842	0.776	-2.754	-4.128	-3.736
E84R	0.963	0.666	-4.604	-5.352	-4.862
E84V	1.028	0.577	-6.45	-6.034	-5.528
E84Y	0.864	0.474	-6.415	-8.236	-7.477
E85A	0.797	0.527	-5.52	-4.61	-4.237
E85C	0.773	0.509	-8.299	-9.214	-8.438
E85D	0.709	0.695	-2.716	-2.379	-1.86
E85F	0.241	0.407	-7.377	-9.335	-8.522
E85G	0.942	0.387	-6.411	-6.991	-6.224
E85H	0.471	0.597	-4.597	-6.509	-5.856
E85I	1.12	0.447	-7.396	-8.641	-7.707
E85K	0.479	0.519	-3.668	-6.216	-5.688
E85L	0.569	0.498	-7.385	-7.115	-6.511
E85M	1.161	0.488	-6.425	-5.901	-5.024
E85N	0.91	0.609	-4.569	-6.304	-5.671
E85Q	0.541	0.636	-2.685	-4.471	-3.727
E85R	1.033	0.533	-4.586	-6.381	-5.732
E85S	-0.158	0.531	-4.577	-6.614	-5.909
E85T	0.971	0.545	-5.519	-5.819	-5.195
E85V	0.84	0.49	-6.467	-5.822	-5.196
E85Y	0.926	0.433	-6.45	-8.59	-7.312
I86A	0.832	0.312	-4.235	-7.257	-6.917
I86F	0.835	0.3	-3.343	-4.251	-3.878
I86G	1.117	0.167	-7.02	-7.546	-7.013
I86L	1.258	0.499	-1.144	-0.523	-0.806
I86N	0.842	0.212	-6.096	-6.364	-6.086
I86R	0.311	0.199	-5.924	-7.418	-6.678
I86S	0.728	0.282	-5.157	-6.48	-6.014
I86T	1.021	0.289	-4.23	-3.944	-3.638
I86V	0.956	0.436	-0.907	-3.199	-2.941
R87C	0.991	0.478	-6.696	-5.109	-4.595
R87F	1.026	0.388	-6.691	-5.804	-5.231
R87G	0.61	0.367	-5.849	-6.495	-5.88
R87H	0.928	0.552	-4.182	-5.47	-4.642
R87K	0.76	0.704	-1.695	-1.609	-1.331
R87L	0.849	0.654	-5.717	-2.858	-2.465
R87N	0.814	0.543	-4.026	-4.937	-4.57
R87P	0.854	0.325	-5.666	-7.728	-6.648
R87Q	0.818	0.598	-3.086	-3.605	-3.323
R87S	0.741	0.519	-4.711	-4.587	-4.28
R87T	0.413	0.516	-4.881	-4.137	-3.828
R87V	1.193	0.59	-6.469	-3.545	-3.029
R87W	1.19	0.436	-6.738	-7.819	-6.772
R87Y	0.93	0.437	-5.794	-6.08	-5.557
E88A	0.753	0.8	-5.526	-3.868	-3.309
E88D	0.968	0.796	-2.692	-2.848	-2.564
E88F	0.392	0.619	-7.379	-10.071	-9.352
E88G	0.949	0.557	-6.432	-5.479	-5.303
E88H	0.311	0.812	-4.607	-5.886	-5.484
E88K	0.959	0.739	-3.686	-4.226	-3.866
E88Q	0.966	0.805	-2.758	-3.745	-3.328
E88R	0.202	0.757	-4.616	-4.426	-3.938
E88V	0.923	0.692	-6.464	-6.835	-6.315
A89C	0.516	0.395	-3.698	-5.642	-4.576
A89D	-0.371	0.142	-5.548	-7.809	-6.728
A89E	0.104	0.201	-4.622	-8.276	-7.268
A89I	0.91	0.353	-4.603	-7.252	-6.313
A89L	0.391	0.337	-4.612	-7.147	-6.32
A89S	1.063	0.373	-2.769	-3.966	-3.065
A89T	0.714	0.352	-3.668	-4.447	-3.657
A89V	0.901	0.363	-3.673	-3.92	-3.116
F90C	0.571	0.037	-7.304	-8.289	-7.268
F90I	0.76	0.076	-5.481	-6.985	-6.139
F90L	0.752	0.098	-5.477	-5.181	-4.104
F90R	0.108	0.025	-8.219	-9.493	-8.219
F90S	0.278	0.039	-7.26	-7.679	-6.512
F90V	0.135	0.074	-6.396	-7.042	-6.082
F90Y	0.981	0.196	-2.738	-5.522	-4.521
R91C	0.223	0.571	-6.013	-3.185	-2.766
R91G	0.224	0.514	-5.209	-4.714	-4.264
R91I	0.157	0.533	-6.074	-7.031	-6.468
R91L	0.943	0.608	-5.182	-5.296	-4.728
R91P	0.534	0.375	-4.845	-6.479	-5.729
R91Q	0.889	0.751	-2.5	-2.518	-2.321
R91W	0.347	0.383	-6.08	-6.639	-5.926
V92A	1.002	0.68	-3.598	-4.861	-4.352
V92D	0.495	0.541	-6.323	-9.734	-9.002
V92F	1.066	0.548	-4.506	-7.238	-6.464
V92G	0.859	0.411	-6.32	-8.634	-8.096
V92I	0.983	0.747	-0.898	-3.987	-3.523
V92L	1.054	0.766	-2.695	-4.037	-3.662
F93C	0.432	0.229	-7.227	-11.55	-9.967
F93H	0.93	0.157	-6.318	-8.93	-7.67
F93I	0.337	0.322	-5.421	-7.621	-6.561
F93L	0.99	0.316	-5.42	-5.519	-4.53
F93S	0.155	0.184	-7.211	-9.215	-8.365
F93V	0.949	0.304	-6.32	-9.599	-8.283
F93Y	0.947	0.338	-2.709	-5.43	-4.815
D94A	0.649	0.066	-7.149	-7.786	-6.899
D94C	0.915	0.045	-8.017	-10.953	-9.587
D94F	0.313	0.031	-8.054	-11.199	-9.802
D94G	0.908	0.035	-6.267	-6.712	-6.108
D94H	0.895	0.114	-6.267	-9.93	-8.872
D94L	0.888	0.035	-8.947	-10.235	-9.055
D94N	0.97	0.215	-4.476	-6.664	-5.558
D94R	0.076	0.012	-7.161	-8.826	-7.761
D94S	-0.091	0.064	-5.361	-7.517	-6.821
D94V	0.679	0.021	-8.051	-9.899	-8.516
D94W	0.254	0.025	-8.953	-11.117	-10.35
D94Y	0.746	0.001	-8.055	-8.078	-7.501
K95D	0.081	0.788	-4.783	-5.934	-5.243
K95E	0.942	0.817	-2.974	-4.96	-4.477
K95G	0.493	0.623	-5.411	-6.517	-6.087
K95H	1.129	0.839	-4.129	-7.042	-6.194
K95I	0.311	0.804	-6.3	-6.622	-6.177
K95M	0.359	0.827	-4.487	-5.423	-4.841
K95N	0.54	0.736	-3.587	-7.206	-6.578
K95Q	1.041	0.819	-2.66	-4.018	-3.635
K95R	1.061	0.85	-0.946	-1.634	-1.421
K95S	1.191	0.856	-3.887	-5.631	-5.226
K95T	0.547	0.852	-4.504	-4.237	-3.879
K95V	0.403	0.854	-5.692	-5.816	-5.284
D96A	-0.01	0.18	-7.212	-5.831	-4.806
D96E	0.878	0.32	-3.588	-2.537	-1.648
D96G	1.002	0.153	-6.289	-5.558	-4.381
D96H	0.565	0.299	-6.268	-6.208	-5.474
D96I	0.254	0.077	-8.125	-12.31	-10.446
D96N	1.027	0.357	-4.398	-2.985	-2.329
D96S	0.501	0.183	-5.373	-5.81	-4.685
D96V	0.861	0.086	-8.122	-7.938	-6.905
D96W	0.571	0.011	-9.032	-11.644	-9.932
D96Y	0.463	0.051	-8.109	-7.	-6.039
G97A	1.091	0.341	-3.707	-4.717	-4.254
G97C	0.888	0.37	-5.818	-6.751	-6.037
G97D	0.991	0.506	-3.368	-5.087	-4.503
G97E	1.028	0.48	-3.986	-3.976	-3.473
G97F	0.343	0.229	-5.825	-11.317	-9.618
G97K	1.215	0.507	-4.086	-3.589	-3.054
G97N	0.901	0.495	-1.533	-2.97	-2.465
G97P	-0.267	0.205	-4.811	-7.057	-6.554
G97R	1.1	0.461	-4.086	-3.595	-2.969
G97S	0.938	0.396	-2.818	-4.817	-4.154
G97V	0.76	0.271	-5.726	-8.733	-7.809
G97W	-0.113	0.112	-5.444	-9.554	-8.997
N98D	0.93	0.529	-4.177	-2.056	-1.951
N98F	0.942	0.058	-7.94	-9.24	-8.562
N98G	0.978	0.224	-5.29	-6.293	-5.609
N98H	0.917	0.438	-4.398	-5.445	-5.128
N98I	0.834	0.212	-7.952	-8.607	-7.88
N98K	1.073	0.33	-5.275	-3.728	-3.244
N98M	1.184	0.214	-7.081	-6.56	-6.175
N98S	0.902	0.421	-4.378	-2.975	-2.81
N98T	0.654	0.402	-5.284	-3.824	-3.361
N98Y	0.893	0.097	-7.056	-6.87	-6.818
G99A	0.577	0.063	-5.22	-6.545	-5.623
G99C	0.987	0.054	-7.891	-9.961	-8.763
G99D	1.033	0.115	-6.153	-6.043	-4.992
G99F	0.623	0.028	-7.907	-8.388	-7.635
G99L	0.143	0.025	-8.768	-9.672	-8.296
G99N	0.762	0.112	-5.265	-6.195	-5.01
G99P	-0.081	0.034	-7.025	-9.386	-7.985
G99Q	0.089	0.082	-7.017	-8.257	-7.009
G99R	0.902	0.066	-7.029	-7.673	-6.051
G99S	1.106	0.099	-5.221	-7.649	-6.404
G99T	0.501	0.065	-6.992	-8.713	-8.002
G99V	0.845	0.02	-7.867	-6.686	-6.585
G99W	0.787	0.002	-7.056	-8.908	-8.28
G99Y	0.898	0.003	-7.905	-10.69	-9.887
Y100A	0.709	0.703	-5.337	-5.165	-4.679
Y100C	0.922	0.66	-5.305	-4.238	-3.881
Y100D	1.033	0.663	-6.275	-7.895	-6.961
Y100F	0.832	0.78	0.412	0.086	0.152
Y100H	1.053	0.683	-3.675	-3.346	-2.969
Y100I	0.737	0.636	-3.912	-5.138	-4.635
Y100L	0.611	0.735	-3.865	-1.589	-1.253
Y100N	1.023	0.667	-5.929	-5.118	-4.773
Y100P	-0.004	0.353	-6.783	-7.008	-5.968
Y100Q	1.302	0.634	-5.607	-4.052	-3.65
Y100R	0.889	0.695	-5.909	-4.068	-3.658
Y100S	0.74	0.701	-5.355	-2.436	-2.134
Y100T	0.162	0.716	-5.321	-2.349	-2.011
Y100V	0.403	0.656	-4.457	-2.28	-1.991
I101A	0.969	0.087	-4.281	-9.34	-7.683
I101C	1.162	0.071	-4.314	-9.076	-6.928
I101F	1.087	0.09	-3.472	-5.89	-4.578
I101L	0.982	0.351	-1.736	-4.506	-3.396
I101P	0.013	0.005	-6.016	-10.078	-8.851
I101R	-0.105	0.045	-6.049	-9.629	-8.393
I101S	0.439	0.072	-5.168	-9.855	-8.644
I101T	0.828	0.071	-4.254	-8.713	-5.791
I101V	1.009	0.31	-0.812	-3.646	-2.487
S102C	1.117	0.457	-4.303	-4.841	-3.884
S102D	0.785	0.494	-3.444	-3.668	-3.227
S102F	0.489	0.204	-5.17	-7.456	-6.535
S102G	0.955	0.328	-3.443	-4.734	-3.977
S102H	0.883	0.403	-4.296	-9.707	-8.501
S102I	0.642	0.328	-5.166	-7.975	-7.153
S102L	0.854	0.277	-5.162	-7.276	-6.429
S102M	0.526	0.279	-4.298	-7.443	-6.078
S102N	1.06	0.51	-2.578	-3.339	-2.712
S102P	0.757	0.265	-4.303	-4.807	-4.046
S102R	0.963	0.334	-4.278	-6.753	-5.892
S102T	0.677	0.576	-2.579	-2.107	-1.885
S102V	0.201	0.317	-5.165	-8.359	-6.915
S102W	1.315	0.101	-6.03	-9.28	-8.374
A103C	-0.483	0.719	-3.346	-7.084	-6.239
A103D	0.975	0.692	-5.03	-7.536	-6.889
A103F	0.223	0.678	-5.063	-7.558	-6.749
A103G	0.913	0.554	-3.389	-4.681	-4.073
A103I	0.935	0.773	-4.208	-5.424	-5.052
A103K	0.927	0.785	-4.194	-4.366	-4.059
A103M	1.188	0.81	-4.2	-6.612	-5.937
A103N	1.123	0.689	-5.017	-7.229	-6.477
A103P	0.77	0.653	-4.173	-3.743	-3.398
A103R	1.063	0.777	-4.203	-4.952	-4.673
A103S	0.92	0.842	-2.478	-3.506	-2.995
A103T	1.022	0.777	-3.259	-2.701	-2.334
A103V	0.848	0.802	-3.352	-2.649	-2.302
A103Y	0.021	0.659	-5.06	-7.782	-7.221
A104D	0.118	0.861	-4.868	-2.412	-2.394
A104G	1.001	0.532	-3.309	-3.89	-3.576
A104I	0.103	0.563	-4.169	-5.708	-4.979
A104K	0.238	0.628	-4.079	-4.262	-4.1
A104L	0.629	0.546	-4.168	-5.526	-5.185
A104P	1.05	0.483	-4.116	-5.606	-5.422
A104R	0.89	0.634	-4.107	-5.858	-5.527
A104S	0.948	0.757	-2.373	-2.647	-2.471
A104T	0.875	0.755	-3.224	-2.803	-2.477
A104V	0.928	0.509	-3.329	-3.582	-3.278
E105A	1.086	0.134	-4.873	-8.076	-7.004
E105D	0.985	0.318	-2.44	-4.416	-3.58
E105G	0.988	0.098	-5.72	-9.241	-7.929
E105K	0.618	0.107	-3.207	-8.335	-6.535
E105S	0.083	0.156	-4.022	-8.349	-7.575
E105V	1.062	0.137	-5.717	-7.959	-6.71
L106H	0.874	0.06	-5.822	-10.159	-8.832
L106I	1.14	0.303	-1.649	-5.204	-4.198
L106K	0.343	0.032	-4.982	-9.104	-8.21
L106P	0.067	0.043	-5.811	-8.054	-7.066
L106Q	0.398	0.033	-4.98	-9.856	-8.652
L106R	-0.121	0.02	-4.985	-8.586	-7.279
L106S	0.409	0.056	-4.965	-8.976	-8.224
L106T	0.419	0.095	-4.135	-10.034	-8.49
R107C	0.95	0.443	-5.881	-6.186	-5.583
R107F	0.369	0.424	-6.252	-8.205	-7.166
R107G	1.066	0.379	-5.504	-5.995	-5.045
R107H	0.992	0.51	-3.873	-4.541	-4.024
R107L	1.042	0.537	-5.441	-6.991	-6.418
R107P	0.251	0.302	-5.489	-11.885	-10.474
R107Q	0.533	0.542	-3.133	-4.743	-4.124
R107S	0.35	0.56	-4.637	-6.678	-5.769
R107V	0.539	0.536	-6.221	-8.3	-7.554
H108A	0.985	0.822	-8.	-4.806	-4.631
H108C	0.356	0.74	-8.812	-7.041	-6.58
H108D	1.11	0.841	-7.189	-5.572	-5.497
H108F	1.106	0.69	-7.201	-4.863	-4.376
H108I	1.038	0.73	-8.791	-6.853	-6.609
H108L	1.005	0.723	-8.788	-6.387	-5.895
H108N	1.027	0.871	-5.601	-5.228	-5.132
H108P	0.858	0.501	-8.012	-10.333	-9.427
H108Q	0.986	0.848	-6.376	-3.322	-3.272
H108R	1.006	0.823	-6.398	-4.72	-4.462
H108S	0.98	0.803	-7.194	-6.039	-5.747
H108Y	1.034	0.672	-4.785	-3.114	-3.074
V109A	0.993	0.565	-3.148	-3.935	-3.514
V109D	0.108	0.329	-5.529	-8.606	-7.378
V109E	0.039	0.401	-4.744	-5.559	-5.018
V109F	1.034	0.452	-3.919	-5.368	-4.786
V109G	0.577	0.42	-5.537	-5.597	-4.599
V109I	0.911	0.71	-0.763	-2.319	-1.836
V109M	0.933	0.688	-2.331	-5.139	-4.508
V109T	0.918	0.578	-3.154	-5.165	-4.297
M110A	1.01	0.263	-4.619	-6.723	-5.635
M110F	-0.184	0.284	-3.857	-7.454	-6.709
M110G	0.544	0.114	-6.194	-8.883	-7.71
M110I	0.864	0.374	-3.067	-6.36	-5.329
M110K	0.636	0.135	-4.632	-7.879	-7.249
M110L	0.989	0.451	-2.28	-3.316	-2.896
M110R	0.23	0.112	-4.632	-8.921	-7.348
M110S	0.281	0.258	-4.619	-9.828	-8.307
M110T	0.926	0.234	-4.579	-6.84	-6.172
M110V	0.923	0.446	-3.067	-5.545	-4.814
T111A	1.003	0.914	-3.643	-3.195	-3.005
T111C	0.749	0.919	-4.334	-4.847	-4.38
T111E	1.132	0.926	-4.435	-4.689	-4.464
T111F	0.659	0.757	-5.137	-7.663	-7.026
T111G	0.577	0.81	-5.196	-4.566	-4.124
T111I	1.01	0.872	-4.327	-2.368	-2.27
T111K	0.582	0.932	-4.405	-4.283	-4.242
T111L	0.927	0.885	-4.355	-3.154	-2.96
T111M	0.37	0.842	-4.355	-3.226	-2.873
T111P	0.753	0.749	-4.438	-7.624	-6.883
T111S	0.788	0.942	-2.918	-3.844	-3.706
T111V	-0.023	0.882	-3.604	-3.981	-3.461
T111W	0.205	0.465	-5.203	-9.323	-8.359
N112D	1.081	0.739	-2.988	-4.612	-4.302
N112G	1.224	0.606	-3.57	-4.852	-4.044
N112H	0.807	0.746	-3.114	-4.737	-4.263
N112I	0.949	0.716	-5.532	-6.914	-6.301
N112K	0.712	0.724	-3.433	-5.077	-4.806
N112R	1.282	0.726	-3.536	-5.997	-5.352
N112S	1.035	0.84	-2.303	-2.468	-2.144
N112T	0.985	0.836	-3.284	-2.669	-2.246
N112Y	0.875	0.545	-4.97	-8.568	-7.78
L113A	0.143	0.469	-3.414	-6.092	-5.288
L113C	0.991	0.39	-3.427	-7.382	-6.051
L113E	0.377	0.404	-4.882	-6.297	-5.246
L113F	0.987	0.448	-2.685	-4.647	-3.856
L113G	-0.182	0.327	-5.628	-5.906	-4.837
L113H	0.188	0.409	-4.881	-5.601	-4.777
L113I	0.933	0.578	-0.952	-2.627	-2.013
L113K	0.385	0.355	-4.277	-5.827	-4.983
L113M	0.121	0.631	-1.338	-2.724	-2.1
L113N	0.321	0.384	-4.887	-6.428	-5.937
L113P	0.473	0.251	-4.862	-5.699	-5.073
L113Q	0.209	0.36	-4.277	-5.58	-4.994
L113R	0.085	0.329	-4.279	-5.488	-4.315
L113S	0.808	0.45	-4.148	-5.005	-4.225
L113V	0.587	0.6	-1.685	-3.487	-2.815
L113W	0.18	0.367	-4.291	-8.191	-5.939
L113Y	0.434	0.394	-3.412	-4.6	-3.598
G114A	0.59	0.17	-4.386	-6.432	-5.371
G114C	0.36	0.105	-6.596	-6.991	-6.42
G114D	0.315	0.199	-5.113	-5.604	-4.935
G114E	0.51	0.195	-5.826	-6.193	-5.175
G114F	0.366	0.086	-6.589	-9.008	-7.779
G114K	0.36	0.155	-5.822	-7.464	-6.432
G114L	0.692	0.111	-7.323	-8.397	-7.792
G114Q	0.211	0.191	-5.829	-8.078	-7.285
G114R	0.612	0.138	-5.804	-7.635	-6.617
G114T	0.472	0.166	-5.85	-9.068	-8.135
G114V	0.587	0.106	-6.592	-7.868	-6.92
G114W	0.678	0.065	-5.863	-7.092	-7.262
G114Y	0.495	0.094	-6.581	-7.511	-6.713
E115A	0.684	0.482	-4.353	-7.364	-6.521
E115D	0.919	0.639	-2.18	-4.531	-3.701
E115G	0.91	0.429	-5.074	-7.156	-6.284
E115H	1.012	0.606	-3.626	-7.882	-6.85
E115I	-0.048	0.572	-5.811	-9.348	-8.645
E115K	0.962	0.484	-2.896	-6.903	-6.244
E115L	-0.242	0.558	-5.812	-8.646	-8.059
E115M	1.108	0.601	-5.082	-7.79	-7.159
E115N	0.712	0.565	-3.626	-7.609	-6.97
E115P	1.12	0.369	-4.361	-9.142	-8.405
E115Q	0.7	0.588	-2.175	-4.796	-4.151
E115S	0.578	0.476	-3.625	-7.887	-7.188
E115T	0.408	0.469	-4.354	-7.835	-7.313
E115V	0.919	0.534	-5.084	-7.114	-6.34
E115W	0.496	0.442	-5.815	-8.559	-8.096
E115Y	1.18	0.426	-5.085	-10.966	-10.476
K116D	-0.014	0.763	-4.222	-5.909	-5.472
K116E	0.961	0.796	-2.819	-5.992	-5.495
K116F	0.299	0.572	-5.679	-9.177	-8.267
K116G	1.174	0.605	-4.944	-6.34	-5.907
K116H	1.234	0.82	-4.222	-7.504	-6.866
K116I	1.053	0.677	-5.682	-8.697	-7.747
K116L	1.101	0.675	-4.976	-7.207	-6.617
K116M	0.757	0.667	-4.254	-7.363	-6.751
K116N	0.984	0.799	-3.461	-4.574	-4.291
K116P	1.112	0.728	-4.27	-6.067	-5.459
K116Q	1.123	0.742	-2.818	-4.055	-3.526
K116R	1.012	0.792	-2.102	-2.453	-2.048
K116S	0.721	0.766	-3.504	-5.755	-5.28
K116T	1.067	0.705	-4.222	-4.868	-4.474
K116V	0.873	0.671	-4.979	-6.266	-5.73
K116Y	0.497	0.54	-4.959	-8.134	-7.597
L117A	0.851	0.454	-3.548	-5.814	-5.336
L117C	0.548	0.439	-3.56	-7.934	-6.924
L117D	-0.059	0.369	-5.685	-9.397	-8.19
L117F	0.639	0.443	-2.819	-4.923	-4.273
L117G	0.732	0.264	-5.689	-6.561	-5.941
L117H	0.081	0.341	-4.962	-8.5	-7.519
L117I	0.975	0.604	-1.414	-4.465	-3.918
L117M	-0.274	0.627	-1.411	-3.165	-2.551
L117N	0.12	0.405	-4.968	-7.949	-7.204
L117P	0.819	0.355	-4.982	-5.005	-4.489
L117Q	0.703	0.398	-4.254	-7.18	-6.473
L117R	0.591	0.33	-4.236	-7.666	-6.832
L117S	0.996	0.419	-4.256	-6.689	-5.955
L117V	0.537	0.624	-2.123	-3.861	-3.26
T118A	1.025	0.734	-3.239	-4.935	-4.292
T118D	1.035	0.651	-3.956	-5.054	-4.533
T118E	0.972	0.621	-3.955	-6.41	-5.452
T118F	0.918	0.369	-4.714	-11.298	-10.059
T118G	-0.009	0.532	-4.606	-5.922	-5.021
T118I	1.012	0.463	-4.056	-5.53	-5.204
T118K	0.9	0.526	-3.953	-6.235	-5.506
T118L	0.806	0.471	-4.057	-8.332	-7.381
T118M	0.886	0.427	-4.008	-7.841	-7.307
T118N	0.758	0.631	-3.257	-4.498	-3.944
T118P	0.741	0.55	-4.011	-5.3	-4.895
T118R	0.863	0.538	-4.004	-6.721	-6.001
T118S	0.96	0.748	-2.447	-1.56	-1.25
T118V	0.984	0.475	-3.403	-8.647	-7.991
T118W	0.25	0.216	-4.773	-12.201	-10.898
T118Y	1.046	0.38	-4.711	-10.92	-10.022
D119A	1.187	0.584	-5.283	-3.807	-3.381
D119C	1.215	0.522	-6.039	-7.595	-7.291
D119E	1.132	0.754	-2.506	-1.195	-0.904
D119F	0.814	0.392	-5.963	-8.077	-7.305
D119G	0.989	0.445	-4.674	-5.792	-5.255
D119H	0.856	0.674	-4.519	-4.308	-3.824
D119K	0.863	0.594	-4.549	-3.762	-3.242
D119L	0.792	0.571	-6.642	-5.025	-4.418
D119N	0.981	0.677	-3.248	-3.358	-3.124
D119P	0.221	0.508	-4.651	-3.478	-3.201
D119R	0.916	0.539	-5.23	-6.21	-5.647
D119S	1.09	0.576	-3.926	-4.655	-4.131
D119T	1.217	0.56	-4.616	-5.949	-5.399
D119V	0.842	0.529	-5.965	-4.532	-3.953
D119W	0.781	0.358	-6.668	-6.889	-6.845
D119Y	0.976	0.413	-5.925	-5.623	-4.989
E120A	1.165	0.722	-3.748	-3.344	-2.917
E120C	0.985	0.349	-5.58	-8.157	-7.851
E120D	0.879	0.84	-1.245	-2.016	-1.714
E120F	1.146	0.546	-5.039	-7.73	-7.157
E120G	1.017	0.567	-4.223	-5.497	-5.111
E120H	1.081	0.775	-3.128	-4.924	-4.468
E120I	0.975	0.607	-5.033	-7.466	-6.621
E120K	0.809	0.676	-2.551	-2.901	-2.463
E120L	0.904	0.624	-5.135	-6.196	-5.679
E120M	0.346	0.519	-4.455	-7.845	-7.411
E120N	0.942	0.77	-2.901	-5.708	-5.105
E120S	1.143	0.721	-2.985	-5.305	-4.926
E120V	0.976	0.591	-4.458	-5.155	-4.636
E120W	0.914	0.493	-5.153	-8.408	-7.261
E120Y	1.043	0.539	-4.467	-7.459	-6.894
E121A	0.372	0.235	-4.021	-7.673	-6.566
E121C	-0.194	0.198	-6.039	-9.307	-8.673
E121D	1.008	0.425	-1.971	-4.001	-3.293
E121G	0.917	0.147	-4.69	-8.293	-7.55
E121I	0.5	0.236	-5.377	-10.198	-9.392
E121K	0.8	0.232	-2.651	-6.974	-6.133
E121L	-0.448	0.239	-5.379	-9.265	-8.519
E121N	0.107	0.336	-3.336	-8.138	-7.287
E121Q	0.701	0.371	-2.01	-4.337	-3.733
E121R	0.923	0.21	-3.346	-9.003	-8.022
E121S	-0.061	0.231	-3.335	-8.384	-7.833
E121V	0.834	0.264	-4.708	-7.626	-7.096
E121Y	0.919	0.175	-4.703	-10.674	-9.49
V122A	1.019	0.427	-2.641	-2.548	-2.126
V122D	0.686	0.242	-4.597	-10.087	-9.5
V122E	0.44	0.236	-3.957	-8.299	-7.512
V122F	0.268	0.317	-3.281	-5.048	-4.521
V122G	1.008	0.196	-4.613	-5.168	-4.676
V122H	0.659	0.226	-4.603	-8.263	-7.852
V122I	0.967	0.514	-0.641	-1.861	-1.805
V122K	0.852	0.21	-3.956	-9.201	-8.257
V122L	0.839	0.511	-1.971	-2.498	-2.418
V122M	1.094	0.445	-1.982	-5.076	-4.393
V122P	-0.222	0.182	-3.967	-8.382	-7.694
V122Q	-0.107	0.246	-3.958	-9.457	-8.699
V122R	0.488	0.207	-4.603	-8.004	-7.624
V122S	1.207	0.356	-3.936	-6.496	-6.014
V122T	1.215	0.402	-2.641	-5.48	-5.063
V122W	0.482	0.299	-4.617	-8.308	-7.426
D123A	0.848	0.571	-4.98	-3.491	-3.285
D123C	0.388	0.559	-5.702	-8.001	-7.609
D123E	0.846	0.74	-2.42	-1.895	-1.677
D123F	0.959	0.403	-5.618	-7.212	-6.544
D123G	1.022	0.457	-4.4	-4.43	-4.146
D123H	0.502	0.648	-4.373	-4.984	-4.415
D123I	1.166	0.504	-5.655	-7.739	-7.006
D123K	0.613	0.659	-4.353	-4.588	-4.244
D123L	-0.177	0.512	-6.275	-5.713	-5.352
D123N	1.008	0.727	-3.143	-3.055	-2.878
D123P	0.882	0.391	-4.422	-9.636	-8.773
D123R	0.939	0.602	-5.004	-5.078	-4.742
D123S	0.954	0.57	-3.74	-4.69	-4.544
D123V	0.695	0.527	-5.628	-7.378	-6.835
D123W	0.77	0.424	-6.287	-8.245	-7.781
D123Y	0.966	0.476	-5.614	-6.03	-5.949
E124A	1.029	0.724	-3.815	-3.861	-3.491
E124D	0.696	0.787	-1.911	-2.685	-2.165
E124G	0.976	0.569	-4.469	-6.6	-5.87
E124I	0.889	0.637	-5.117	-6.981	-6.17
E124K	1.	0.731	-2.518	-4.948	-4.528
E124L	0.033	0.67	-5.104	-6.557	-5.878
E124N	1.027	0.843	-3.176	-6.161	-5.336
E124R	0.966	0.716	-3.157	-6.634	-6.179
E124S	0.883	0.731	-3.168	-6.523	-5.851
E124T	1.19	0.728	-3.817	-5.348	-4.91
E124V	1.007	0.659	-4.473	-7.412	-6.728
E124Y	0.245	0.549	-4.463	-8.214	-7.13
M125A	0.714	0.252	-3.897	-7.26	-6.647
M125E	0.377	0.212	-4.553	-9.689	-7.862
M125F	0.614	0.285	-3.251	-5.864	-5.174
M125G	0.72	0.151	-5.209	-9.569	-8.41
M125I	0.882	0.459	-2.597	-3.96	-3.419
M125L	1.045	0.476	-1.947	-3.907	-3.232
M125P	0.199	0.029	-4.551	-10.253	-9.623
M125Q	0.509	0.144	-3.255	-8.605	-7.826
M125R	0.447	0.175	-3.904	-9.303	-8.155
M125S	0.509	0.223	-3.894	-9.937	-9.005
M125T	0.865	0.288	-3.879	-8.197	-7.391
M125V	0.983	0.454	-2.594	-5.792	-5.09
M125W	0.026	0.257	-3.907	-7.787	-6.477
I126A	0.58	0.3	-3.228	-9.436	-8.213
I126C	0.499	0.254	-3.233	-8.404	-7.278
I126F	0.858	0.417	-2.589	-5.06	-4.366
I126G	-0.473	0.141	-5.178	-8.924	-8.404
I126L	0.927	0.51	-1.288	-3.409	-2.8
I126M	1.112	0.501	-1.921	-3.025	-2.36
I126N	0.808	0.252	-4.53	-10.514	-9.48
I126Q	0.191	0.183	-4.512	-10.821	-9.905
I126R	0.461	0.213	-4.52	-10.983	-9.984
I126S	1.035	0.276	-3.881	-11.398	-9.979
I126T	0.951	0.305	-3.228	-6.309	-5.905
I126V	1.006	0.551	-0.633	-3.659	-2.866
I126W	0.654	0.307	-4.531	-10.183	-9.557
R127C	0.106	0.79	-5.01	-6.624	-6.146
R127E	0.045	0.863	-3.065	-4.484	-4.102
R127F	0.577	0.56	-5.004	-9.37	-8.452
R127G	0.96	0.643	-4.37	-4.74	-4.309
R127I	0.938	0.72	-5.004	-7.37	-6.857
R127K	0.899	0.877	-1.753	-1.734	-1.608
R127L	1.085	0.687	-4.368	-5.346	-4.725
R127M	0.898	0.724	-3.73	-7.364	-6.488
R127N	0.977	0.849	-3.098	-5.173	-4.723
R127P	0.12	0.492	-4.34	-9.478	-8.828
R127S	0.774	0.824	-3.694	-3.439	-3.166
R127T	0.717	0.79	-3.719	-4.918	-4.407
R127V	0.608	0.711	-4.975	-6.015	-5.328
R127W	0.876	0.334	-5.008	-9.519	-8.739
E128A	1.114	0.654	-3.601	-4.94	-4.059
E128D	1.099	0.712	-1.874	-3.188	-2.511
E128G	0.962	0.448	-4.312	-6.241	-4.924
E128H	0.886	0.647	-3.115	-8.24	-7.306
E128K	0.846	0.669	-2.473	-6.691	-6.077
E128L	0.624	0.618	-4.947	-7.492	-6.562
E128R	0.173	0.586	-3.091	-6.69	-6.219
E128V	1.094	0.609	-4.303	-6.142	-5.136
A129D	-0.065	0.376	-3.81	-10.519	-9.568
A129E	0.331	0.361	-3.175	-10.206	-9.146
A129G	0.952	0.383	-2.548	-6.737	-5.748
A129I	-0.28	0.658	-3.18	-6.374	-5.568
A129K	1.15	0.312	-3.173	-10.325	-9.614
A129L	0.492	0.673	-3.179	-7.397	-6.697
A129P	1.05	0.269	-3.169	-7.786	-7.106
A129R	0.683	0.314	-3.175	-8.314	-7.546
A129S	1.005	0.567	-1.893	-6.537	-5.694
A129T	0.759	0.564	-2.515	-7.44	-6.361
A129V	1.005	0.717	-2.54	-4.021	-3.64
A129Y	0.151	0.528	-3.817	-8.025	-7.222
D130A	0.349	0.132	-4.944	-7.796	-6.742
D130C	0.838	0.124	-5.591	-8.814	-7.152
D130E	0.929	0.238	-2.481	-5.662	-4.648
D130F	0.076	0.067	-5.582	-10.05	-8.219
D130G	0.898	0.123	-4.312	-4.952	-4.075
D130H	0.74	0.245	-4.341	-6.785	-5.422
D130I	0.124	0.083	-5.585	-9.84	-8.198
D130K	-0.14	0.075	-4.337	-7.654	-6.381
D130L	0.395	0.08	-6.204	-8.676	-7.457
D130N	0.928	0.255	-3.089	-5.844	-4.492
D130Q	0.544	0.199	-3.72	-8.37	-7.06
D130R	0.309	0.074	-4.958	-7.832	-6.521
D130S	0.874	0.136	-3.702	-7.402	-6.024
D130V	0.972	0.1	-5.58	-7.756	-6.559
D130W	-0.324	0.006	-6.21	-10.964	-9.836
D130Y	0.833	0.023	-5.583	-9.899	-8.22
I131A	0.89	0.939	-1.867	-1.987	-1.917
I131C	0.745	0.878	-2.242	-4.946	-4.402
I131F	1.057	0.779	-1.902	-3.807	-3.631
I131G	0.652	0.822	-3.536	-4.854	-4.477
I131H	1.1	0.916	-2.975	-5.589	-5.176
I131K	0.596	0.923	-2.672	-2.485	-2.311
I131L	0.995	0.932	-0.696	-1.715	-1.616
I131M	1.014	0.906	-0.88	-2.346	-2.059
I131N	1.105	0.853	-2.974	-5.189	-4.809
I131P	-0.112	0.797	-2.951	-4.987	-4.514
I131Q	0.689	0.906	-2.336	-3.635	-3.422
I131R	1.029	0.927	-2.784	-3.283	-3.145
I131S	0.812	0.947	-2.429	-2.546	-2.287
I131T	1.046	0.936	-1.876	-1.173	-1.121
I131V	0.995	0.949	-0.123	-0.906	-0.824
I131W	1.127	0.742	-3.155	-8.359	-7.47
I131Y	0.947	0.75	-2.092	-6.782	-6.185
D132A	0.883	0.241	-4.896	-5.806	-5.203
D132E	0.827	0.424	-2.43	-7.081	-5.867
D132F	1.118	0.134	-5.509	-10.218	-9.016
D132G	1.033	0.201	-4.27	-6.104	-4.713
D132L	-0.137	0.165	-6.136	-7.491	-6.49
D132N	0.882	0.431	-2.989	-3.02	-2.518
D132R	0.338	0.194	-4.866	-7.049	-5.882
D132S	1.17	0.251	-3.647	-5.147	-4.349
D132V	0.854	0.159	-5.523	-6.802	-5.856
D132Y	0.782	0.108	-5.48	-6.934	-6.216
G133A	0.895	0.392	-3.665	-5.944	-5.053
G133C	0.075	0.381	-5.506	-8.549	-7.021
G133D	0.649	0.502	-4.266	-6.393	-5.19
G133E	0.987	0.488	-4.872	-5.818	-4.791
G133K	0.868	0.443	-4.859	-4.628	-3.853
G133L	0.201	0.311	-6.12	-6.371	-5.057
G133N	0.902	0.524	-3.615	-3.972	-3.309
G133P	-0.099	0.258	-4.89	-7.03	-5.843
G133R	0.949	0.448	-4.846	-5.199	-4.34
G133S	0.209	0.357	-3.647	-5.296	-4.56
G133V	0.887	0.279	-5.512	-8.122	-6.903
G133W	-0.022	0.093	-4.913	-8.34	-7.605
D134A	0.559	0.233	-4.895	-8.479	-7.504
D134C	0.849	0.202	-5.504	-8.612	-7.785
D134E	1.058	0.385	-2.446	-5.249	-4.117
D134F	0.324	0.055	-5.507	-11.093	-9.854
D134G	0.97	0.207	-4.285	-7.521	-6.176
D134K	-0.238	0.215	-4.28	-7.039	-5.825
D134N	1.037	0.375	-3.059	-3.759	-2.854
D134Q	0.88	0.321	-3.67	-7.599	-6.302
D134R	0.449	0.24	-4.892	-9.669	-8.43
D134S	0.359	0.294	-3.67	-6.069	-5.077
D134V	0.689	0.189	-5.508	-8.319	-7.307
D134Y	0.429	0.091	-5.508	-9.24	-7.921
G135A	0.976	0.107	-3.597	-7.515	-6.304
G135C	1.023	0.124	-5.411	-8.876	-7.887
G135E	0.938	0.161	-4.798	-7.272	-5.915
G135K	0.672	0.119	-4.787	-6.786	-5.563
G135M	0.356	0.085	-5.409	-9.62	-7.799
G135Q	0.338	0.166	-4.793	-7.355	-6.186
G135R	0.915	0.13	-4.778	-6.064	-5.06
G135S	1.129	0.146	-3.581	-5.976	-5.264
G135V	0.772	0.084	-5.426	-9.693	-8.287
Q136D	0.401	0.882	-2.716	-5.851	-5.347
Q136E	1.005	0.911	-1.531	-4.252	-3.94
Q136H	0.86	0.924	-2.504	-4.324	-3.74
Q136I	0.732	0.892	-4.312	-8.067	-7.242
Q136L	0.946	0.879	-3.723	-3.929	-3.472
Q136M	-0.266	0.918	-2.637	-4.191	-3.686
Q136P	0.771	0.67	-3.257	-8.96	-8.15
Q136R	1.043	0.922	-1.649	-3.775	-3.557
Q136S	0.483	0.874	-2.648	-6.752	-6.157
Q136T	0.803	0.9	-3.156	-4.935	-4.582
Q136V	0.539	0.902	-3.818	-6.256	-5.707
Q136W	-0.049	0.758	-3.858	-9.29	-8.479
V137A	0.981	0.115	-2.436	-5.982	-5.798
V137C	1.147	0.094	-2.845	-5.476	-5.661
V137D	0.403	0.08	-4.058	-7.399	-7.746
V137F	0.774	0.152	-2.644	-3.931	-3.375
V137G	0.455	0.079	-4.261	-4.127	-5.212
V137I	0.997	0.393	-0.204	0.419	0.117
V137L	0.377	0.39	-1.424	-2.892	-2.766
V137W	1.052	0.119	-4.068	-7.35	-7.433
N138A	0.752	0.612	-4.306	-8.974	-8.031
N138C	1.186	0.658	-4.87	-7.23	-6.133
N138D	1.002	0.689	-2.059	-2.514	-2.327
N138F	1.11	0.302	-4.925	-8.1	-7.093
N138G	0.757	0.413	-3.229	-7.422	-6.574
N138H	0.932	0.498	-2.713	-5.819	-5.008
N138I	1.033	0.376	-4.92	-7.838	-7.134
N138K	0.979	0.412	-3.21	-5.228	-4.63
N138P	1.275	0.347	-4.228	-7.936	-7.264
N138R	0.255	0.447	-3.302	-5.501	-4.818
N138S	1.067	0.644	-2.597	-3.039	-2.679
N138T	0.763	0.592	-3.189	-4.974	-4.477
N138V	1.024	0.344	-4.915	-8.391	-7.435
N138Y	1.169	0.343	-4.418	-6.356	-5.627
Y139C	0.871	0.26	-5.077	-5.474	-4.413
Y139D	1.051	0.22	-5.74	-7.685	-7.338
Y139F	1.028	0.479	-2.243	-3.503	-3.145
Y139G	-0.153	0.137	-5.741	-9.426	-8.547
Y139H	0.99	0.2	-2.886	-8.578	-7.825
Y139I	0.277	0.342	-4.535	-7.173	-6.459
Y139K	0.455	0.305	-5.174	-9.338	-8.419
Y139L	-0.33	0.362	-4.55	-7.583	-6.823
Y139N	1.042	0.227	-5.176	-8.165	-7.563
Y139P	0.609	0.172	-5.739	-9.22	-8.364
Y139Q	0.161	0.235	-4.61	-9.974	-8.943
Y139R	0.244	0.307	-5.179	-9.855	-8.737
Y139S	0.483	0.216	-5.146	-10.98	-10.092
Y139V	0.218	0.311	-4.549	-8.322	-7.69
Y139W	0.87	0.437	-2.876	-8.488	-7.973
E140A	0.986	0.582	-3.085	-4.256	-3.772
E140D	0.864	0.737	-1.241	-2.022	-1.773
E140F	0.476	0.302	-4.164	-7.447	-6.98
E140G	0.982	0.42	-3.424	-6.727	-5.968
E140I	0.978	0.464	-4.15	-5.402	-5.155
E140K	0.931	0.537	-1.99	-2.573	-2.238
E140L	0.233	0.435	-4.176	-5.708	-5.343
E140M	1.047	0.406	-3.599	-7.245	-6.403
E140N	0.717	0.677	-2.04	-4.533	-4.004
E140Q	1.027	0.696	-1.464	-3.329	-2.823
E140R	0.128	0.493	-2.502	-4.974	-4.32
E140T	0.601	0.527	-2.923	-4.813	-4.262
E140V	0.878	0.433	-3.667	-4.723	-4.367
E140Y	0.977	0.376	-3.623	-6.624	-5.951
E141A	0.299	0.129	-3.307	-6.421	-5.268
E141D	0.934	0.309	-1.628	-2.933	-2.105
E141F	-0.123	0.072	-4.471	-8.592	-8.177
E141G	0.992	0.121	-3.764	-4.187	-3.413
E141I	0.581	0.106	-4.483	-9.589	-8.743
E141K	0.685	0.145	-2.228	-7.017	-6.133
E141M	0.589	0.109	-3.913	-9.117	-7.949
E141R	0.597	0.133	-2.79	-7.289	-6.538
E141V	0.754	0.09	-3.913	-6.255	-5.305
E141Y	0.014	0.059	-3.91	-7.34	-6.736
F142C	0.276	0.06	-4.355	-8.557	-7.687
F142I	0.241	0.172	-3.289	-6.793	-5.78
F142L	0.67	0.177	-3.28	-5.665	-4.741
F142S	0.009	0.07	-4.346	-8.046	-7.779
F142Y	0.956	0.262	-1.644	-4.87	-4.149
V143A	1.004	0.7	-1.936	-3.21	-2.682
V143E	1.124	0.645	-2.876	-7.097	-6.353
V143G	0.756	0.408	-3.489	-8.375	-7.857
V143I	0.99	0.801	-0.529	-2.101	-1.797
V143K	1.211	0.733	-2.73	-5.123	-4.729
V143L	0.976	0.801	-1.478	-3.233	-2.96
V143M	1.09	0.783	-1.45	-5.025	-4.483
V143S	0.035	0.708	-2.885	-4.227	-3.969
V143T	-0.091	0.733	-1.912	-3.878	-3.436
Q144C	0.611	0.91	-3.018	-3.783	-3.778
Q144D	0.569	0.955	-1.72	-4.186	-3.878
Q144E	1.194	0.957	-0.747	-2.652	-2.378
Q144G	0.855	0.847	-2.485	-3.318	-3.037
Q144H	0.881	0.947	-1.696	-2.334	-2.29
Q144K	0.737	0.953	-0.617	0.61	0.521
Q144L	1.077	0.894	-2.592	-2.756	-2.343
Q144N	0.103	0.953	-1.534	-2.855	-2.542
Q144P	0.909	0.753	-2.109	-6.274	-5.616
Q144R	1.013	0.948	-0.941	0.524	0.496
Q144S	1.085	0.937	-1.528	-2.668	-2.52
Q144T	0.665	0.943	-1.877	-1.076	-1.032
Q144V	0.743	0.889	-2.54	-4.69	-4.362
Q144W	0.561	0.555	-2.756	-5.213	-5.129
Q144Y	0.815	0.813	-2.213	-5.48	-4.998
M145A	1.02	0.643	-2.24	-5.327	-4.416
M145I	0.735	0.765	-1.282	-2.749	-2.189
M145K	0.825	0.567	-2.595	-5.222	-4.482
M145L	0.668	0.789	-1.002	-3.34	-2.677
M145Q	1.07	0.489	-2.238	-8.216	-7.231
M145R	0.282	0.611	-2.66	-4.753	-4.198
M145S	0.565	0.672	-2.515	-6.055	-5.678
M145T	0.98	0.616	-2.376	-4.694	-3.706
M145V	0.928	0.761	-1.237	-2.151	-1.517
M146A	0.717	0.401	-2.809	-4.555	-4.165
M146I	0.885	0.597	-1.747	-2.381	-1.608
M146K	0.554	0.286	-2.886	-8.495	-8.436
M146L	0.828	0.622	-1.259	-1.829	-1.241
M146R	0.168	0.25	-2.878	-6.983	-7.15
M146T	0.955	0.41	-2.81	-5.691	-5.359
M146V	1.021	0.635	-1.817	-3.288	-2.566
T147A	1.006	0.967	-1.408	-2.697	-2.378
T147F	0.39	0.957	-1.863	-4.08	-4.173
T147I	1.037	0.964	-1.507	-2.832	-2.62
T147N	1.132	0.965	-1.663	-3.245	-3.156
T147P	1.006	0.95	-1.961	-7.135	-6.559
T147S	1.	0.969	-1.074	-2.233	-2.154
T147V	1.249	0.965	-1.19	-3.014	-2.715
A148D	0.509	0.995	-1.799	-3.439	-3.417
A148G	0.762	0.99	-1.459	-4.076	-4.158
A148P	0.732	0.987	-1.807	-3.506	-3.936
A148S	0.632	0.998	-0.584	-1.877	-1.732
A148T	1.06	0.996	-1.193	-1.947	-1.998
A148V	1.024	0.99	-1.512	-7.384	-7.265
K149E	0.967	0.999	-1.715	-16.234	-10.778
K149I	0.83	0.996	-3.338	-16.234	-10.778
K149M	0.629	0.984	-2.473	-16.234	-10.778
K149N	0.97	0.985	-2.102	-16.234	-10.778
K149Q	0.56	0.999	-1.711	-16.234	-10.778
K149R	1.001	1.	-1.281	-4.311	-3.76
K149T	0.742	0.994	-2.531	-16.234	-10.778
