Mut Exp pycofitness EVcouplings Provean GEMME ESM1b AlphaMissense 
A2D 1.09 -4.52 -4.67 -1.82 -0.42 -13.75 0.72
A2E 1.17 -4.16 -4.59 -1.42 -0.37 -12.99 0.64
A2F 1.18 -6.88 -7.16 -1.94 -1.00 -13.81 0.83
A2G 1.02 -4.23 -4.84 -1.34 -0.37 -8.03 0.21
A2N 1.19 -6.01 -6.47 -1.61 -0.75 -13.34 0.61
A2P 0.79 -5.80 -6.33 -1.55 -1.03 -8.03 0.54
A2S 0.94 -3.59 -3.89 -0.84 -0.02 -7.93 0.19
A2T 0.99 -3.59 -3.85 -1.17 -0.00 -6.58 0.27
A2V 1.01 -2.67 -3.34 -1.38 -0.32 -8.32 0.62
A2W 0.31 -8.38 -13.38 -2.33 -1.99 -15.63 0.96
A2Y 0.50 -7.88 -8.31 -1.68 -1.99 -14.90 0.87
D3A 0.62 -4.43 -4.99 -2.89 -0.08 -12.20 0.43
D3E 1.00 -2.00 -2.17 -1.35 -0.02 -7.15 0.17
D3F -0.07 -8.07 -8.65 -3.34 -0.65 -16.17 0.88
D3G 0.95 -3.76 -3.92 -2.62 -0.27 -10.60 0.37
D3H 0.63 -4.69 -5.19 -2.58 -0.19 -11.66 0.76
D3K 1.03 -5.39 -5.78 -2.50 -0.08 -13.68 0.81
D3L 0.81 -7.26 -7.38 -3.54 -0.63 -16.35 0.82
D3N 0.89 -4.23 -4.53 -1.81 -0.05 -8.91 0.38
D3P 0.84 -7.64 -8.10 -2.58 -0.73 -15.71 0.82
D3Q 1.29 -5.39 -6.27 -2.08 -0.03 -12.61 0.63
D3R 1.29 -6.48 -7.48 -2.87 -0.11 -15.72 0.80
D3S 0.40 -4.87 -5.45 -2.13 -0.06 -11.87 0.34
D3T 0.30 -5.17 -5.61 -2.53 -0.06 -13.32 0.56
D3V 0.63 -5.76 -6.01 -3.21 -0.35 -14.42 0.68
D3Y 0.67 -7.28 -7.97 -3.35 -0.40 -13.61 0.72
Q4H 0.67 -3.59 -3.58 -1.57 -0.09 -8.60 0.33
Q4K 0.95 -2.32 -2.41 -1.42 -0.11 -12.11 0.25
Q4L 0.91 -4.19 -4.45 -2.68 -0.09 -13.16 0.21
Q4P 1.12 -4.55 -4.84 -2.22 -0.30 -12.07 0.34
Q4R 1.00 -2.75 -2.88 -1.41 -0.11 -7.58 0.31
L5A 0.51 -6.41 -7.14 -2.21 -3.24 -19.27 0.92
L5D 0.58 -9.20 -10.10 -3.45 -5.83 -20.89 0.99
L5E 0.77 -7.90 -8.33 -3.02 -4.24 -18.85 0.98
L5G 0.67 -8.58 -8.77 -3.54 -4.60 -19.01 0.96
L5H 0.17 -6.40 -6.96 -3.09 -2.30 -16.54 0.99
L5I 0.33 -3.84 -4.59 -0.88 -0.30 -13.38 0.69
L5K 0.91 -7.76 -8.29 -2.63 -3.79 -18.90 0.97
L5M 0.96 -3.85 -4.86 -0.85 -0.28 -13.48 0.66
L5N 0.31 -7.57 -8.32 -3.07 -4.14 -19.81 0.98
L5P 0.96 -5.54 -6.45 -3.06 -2.35 -13.12 0.98
L5Q 0.85 -6.72 -7.16 -2.61 -1.59 -15.75 0.99
L5R 0.78 -8.09 -8.62 -2.64 -1.86 -15.87 0.97
L5S 1.10 -5.12 -6.07 -2.63 -1.76 -16.71 0.99
L5T 1.11 -5.67 -6.72 -2.20 -2.23 -18.21 0.97
L5V 0.86 -4.04 -4.83 -1.32 -0.20 -14.82 0.74
L5W 0.36 -6.88 -7.18 -2.68 -1.84 -16.45 0.97
T6A 1.01 -3.59 -3.84 -1.94 -0.14 -10.39 0.49
T6I 1.02 -4.75 -4.81 -2.52 -0.77 -13.77 0.97
T6M 1.11 -7.52 -8.15 -2.46 -0.86 -13.57 0.81
T6P 1.04 -4.01 -4.49 -2.43 -0.52 -10.05 0.54
T6S 1.06 -0.92 -1.01 -1.36 -0.01 -8.08 0.15
T6V 1.21 -7.62 -7.82 -2.14 -1.83 -14.59 0.90
E7A 0.67 -3.21 -3.56 -2.52 -0.33 -9.62 0.41
E7D 1.08 -1.47 -1.80 -0.99 -0.09 -7.75 0.14
E7F 1.01 -6.58 -7.12 -3.41 -0.76 -16.33 0.98
E7G 1.04 -4.58 -5.43 -2.88 -0.68 -10.84 0.48
E7H 0.17 -4.67 -5.42 -2.10 -0.65 -13.11 0.88
E7K 0.79 -2.73 -3.02 -1.69 -0.37 -10.10 0.68
E7L 0.64 -4.90 -5.55 -3.43 -1.16 -13.17 0.85
E7Q 0.97 -2.65 -3.03 -1.26 -0.08 -8.87 0.48
E7R 0.86 -3.47 -3.92 -2.14 -0.38 -14.21 0.72
E7V 0.94 -5.61 -6.43 -3.00 -0.43 -11.51 0.73
E7Y 0.60 -6.56 -7.45 -3.01 -1.39 -15.86 0.95
E8A 0.60 -3.40 -3.85 -2.69 -0.45 -10.82 0.50
E8D 0.96 -1.42 -1.88 -1.18 -0.09 -7.04 0.19
E8G 1.00 -3.51 -3.99 -3.06 -0.79 -11.74 0.55
E8K 0.74 -4.41 -5.04 -1.79 -0.57 -13.24 0.84
E8R 0.05 -5.44 -6.43 -2.24 -0.74 -17.16 0.86
E8S 0.74 -4.81 -5.72 -2.19 -0.38 -13.72 0.66
E8V 0.97 -5.27 -6.31 -3.15 -0.76 -13.23 0.78
Q9A -0.02 -7.22 -7.74 -2.85 -0.93 -13.35 0.64
Q9C 1.02 -10.37 -11.68 -3.78 -3.11 -17.83 0.99
Q9D 0.64 -4.81 -5.73 -2.40 -0.23 -15.94 0.92
Q9E 0.85 -4.00 -4.26 -1.44 -0.17 -9.81 0.32
Q9F 1.24 -9.39 -10.64 -3.83 -1.19 -19.11 0.99
Q9G 0.84 -9.63 -10.93 -3.34 -3.50 -16.19 0.83
Q9H 0.96 -5.94 -6.65 -2.39 -1.25 -11.27 0.97
Q9K 0.88 -5.00 -5.70 -1.89 -0.80 -11.34 0.90
Q9L 1.04 -5.53 -6.30 -3.32 -1.13 -11.51 0.88
Q9N -0.04 -8.57 -9.59 -2.39 -0.18 -16.10 0.82
Q9P 0.55 -9.25 -10.42 -2.85 -1.94 -15.30 0.99
Q9R 1.00 -6.19 -6.94 -1.87 -0.73 -13.00 0.95
Q9S 0.78 -7.35 -8.34 -2.39 -2.47 -14.85 0.84
Q9T 1.01 -6.36 -7.04 -2.85 -0.91 -15.59 0.74
Q9V 0.41 -7.15 -8.19 -3.30 -1.36 -16.65 0.85
Q9W 1.23 -9.66 -10.86 -3.29 -3.27 -18.48 1.00
Q9Y 1.03 -8.57 -9.78 -2.87 -3.29 -16.74 0.99
I10A -0.41 -6.16 -7.10 -2.27 -0.71 -11.21 0.80
I10D 0.38 -6.94 -7.91 -3.28 -1.93 -17.79 0.99
I10E 0.87 -5.70 -6.35 -3.24 -0.61 -15.32 0.92
I10F 0.90 -7.03 -7.91 -1.90 -0.87 -13.57 0.88
I10G 0.40 -9.05 -10.23 -3.71 -2.13 -16.24 0.97
I10K -0.08 -5.62 -6.07 -3.24 -0.53 -12.58 0.88
I10L 0.98 -2.65 -3.14 -0.94 -0.16 -9.43 0.53
I10M 0.74 -3.96 -4.83 -1.35 -0.14 -10.25 0.56
I10N 1.05 -5.94 -6.58 -3.28 -0.60 -13.81 0.96
I10P 1.17 -7.66 -8.31 -3.17 -1.41 -17.48 1.00
I10R 0.34 -3.93 -4.47 -3.27 -0.48 -13.46 0.85
I10S 0.96 -6.69 -7.63 -2.78 -0.75 -13.30 0.94
I10T 0.94 -3.36 -3.94 -2.22 -0.70 -8.20 0.78
I10V 0.94 -2.18 -2.57 -0.37 -0.12 -5.73 0.16
A11C 0.83 -6.79 -7.32 -1.74 -0.10 -13.67 0.72
A11D 1.04 -3.53 -3.85 -2.39 -0.04 -10.47 0.79
A11E -0.11 -2.80 -3.06 -2.00 -0.02 -10.68 0.65
A11F 0.73 -6.37 -6.78 -2.58 -0.54 -15.28 0.83
A11G 0.88 -4.83 -5.42 -1.66 -0.22 -8.05 0.33
A11I 0.64 -6.89 -7.81 -2.19 -0.20 -12.72 0.85
A11L 0.79 -4.00 -4.34 -2.20 -0.20 -12.56 0.55
A11M 0.40 -5.20 -5.78 -2.08 -0.40 -14.02 0.71
A11N 1.06 -3.86 -4.26 -2.29 -0.03 -11.46 0.59
A11P 0.25 -5.36 -5.61 -1.97 -0.66 -12.55 0.99
A11R 0.08 -5.56 -6.14 -2.11 -0.13 -14.36 0.82
A11S 0.87 -2.38 -2.68 -0.82 -0.04 -7.46 0.15
A11T 1.04 -3.58 -3.97 -1.47 -0.05 -8.77 0.39
A11V 1.03 -3.96 -4.36 -1.78 -0.21 -10.20 0.64
A11Y -0.22 -7.88 -8.47 -2.56 -0.63 -15.35 0.88
E12A 1.19 -5.44 -6.06 -3.13 -0.99 -14.44 0.86
E12D 1.04 -3.11 -3.72 -1.52 -0.28 -13.81 0.83
E12G 0.95 -6.36 -6.68 -3.65 -1.84 -14.75 0.88
E12H 0.91 -5.62 -6.23 -2.62 -2.28 -17.52 0.99
E12K 0.93 -3.69 -4.25 -2.07 -0.63 -13.70 0.98
E12L 0.25 -5.01 -5.83 -4.20 -1.23 -16.86 0.98
E12N 0.86 -5.77 -6.47 -2.59 -0.29 -17.86 0.97
E12Q 1.02 -4.43 -4.96 -1.56 -0.17 -12.67 0.88
E12R 0.34 -6.33 -7.06 -2.59 -1.18 -18.33 0.96
E12T 0.53 -6.36 -6.81 -3.12 -0.96 -17.54 0.96
E12V 0.78 -5.16 -5.85 -3.63 -1.67 -15.29 0.96
F13A 0.64 -5.36 -6.25 -4.08 -2.39 -18.55 0.98
F13C 0.97 -5.36 -6.34 -4.09 -1.10 -17.39 0.97
F13D 1.17 -7.91 -9.19 -4.64 -5.12 -20.67 0.99
F13G 1.22 -8.97 -9.49 -4.60 -5.43 -20.01 0.98
F13I 1.03 -4.19 -4.66 -3.08 -0.13 -15.84 0.96
F13L 0.98 -4.66 -4.90 -3.09 -0.27 -14.00 0.99
F13M -0.08 -5.71 -6.65 -3.08 -1.18 -17.59 0.95
F13Q 0.16 -7.95 -8.51 -4.47 -4.29 -18.84 0.99
F13R -0.03 -10.22 -11.92 -4.52 -5.53 -20.90 0.99
F13S 0.93 -8.18 -9.06 -4.07 -3.91 -17.89 0.99
F13V 1.07 -6.44 -7.32 -3.54 -0.62 -16.55 0.96
F13W 0.88 -8.15 -8.99 -2.38 -0.70 -18.57 0.93
F13Y 1.06 -3.30 -3.78 -1.13 -0.56 -12.75 0.44
K14A 0.45 -6.25 -7.11 -3.26 -1.02 -16.31 0.95
K14D 1.02 -8.08 -9.02 -3.29 -0.85 -18.91 0.99
K14E 1.01 -5.75 -6.41 -2.16 -0.67 -14.07 0.87
K14F -0.15 -7.92 -8.67 -4.42 -0.84 -18.81 0.99
K14H 0.22 -5.39 -5.84 -3.26 -1.42 -14.90 0.85
K14I -0.30 -7.64 -8.27 -4.42 -1.39 -16.75 0.98
K14L -0.28 -7.42 -8.11 -3.86 -1.60 -16.83 0.95
K14M 0.66 -6.79 -7.32 -3.28 -1.37 -14.37 0.94
K14N 0.85 -6.70 -7.69 -2.71 -1.12 -15.14 0.98
K14Q 0.79 -2.90 -3.24 -2.13 -0.41 -11.16 0.54
K14R 0.90 -2.00 -2.15 -1.57 -0.09 -8.86 0.14
K14S 0.58 -5.40 -6.07 -2.70 -1.92 -14.87 0.97
K14T 0.79 -4.88 -5.60 -3.27 -1.06 -13.89 0.89
K14Y 0.34 -6.78 -7.41 -3.85 -1.51 -18.42 0.98
E15A 0.75 -4.18 -4.73 -3.34 -0.97 -14.72 0.90
E15C 0.47 -8.44 -9.68 -5.04 -2.54 -21.21 1.00
E15D 1.02 -2.62 -3.20 -1.65 -0.07 -12.06 0.88
E15G 0.97 -6.00 -6.91 -3.79 -1.20 -15.08 0.89
E15H 0.92 -6.48 -7.13 -2.81 -2.23 -17.98 1.00
E15I 1.15 -7.15 -8.00 -4.52 -2.48 -19.15 0.99
E15K 0.78 -4.73 -5.21 -2.24 -0.83 -14.12 0.99
E15L 1.15 -5.89 -6.91 -4.52 -1.90 -18.64 0.99
E15M 0.11 -6.74 -7.59 -3.94 -1.90 -18.13 0.99
E15N 0.22 -5.92 -6.79 -2.77 -1.57 -17.44 0.99
E15P 0.24 -10.17 -11.95 -3.33 -4.00 -23.26 1.00
E15Q 0.87 -3.82 -4.26 -1.68 -0.60 -13.45 0.95
E15R 0.37 -6.02 -6.59 -2.80 -1.08 -18.88 0.98
E15S 1.09 -6.75 -7.54 -2.77 -1.37 -17.78 0.97
E15T 0.32 -5.30 -6.07 -3.31 -0.92 -18.10 0.97
E15V 0.84 -6.18 -6.95 -3.94 -1.35 -15.11 0.97
E15W 0.58 -8.01 -8.65 -4.50 -2.69 -21.15 1.00
E15Y 0.86 -9.17 -10.46 -3.91 -2.29 -18.86 0.99
A16C 0.30 -4.62 -5.84 -2.32 -1.76 -16.51 0.97
A16D 0.55 -7.63 -8.57 -3.41 -2.29 -20.24 0.99
A16E 0.22 -8.67 -9.61 -2.87 -2.49 -19.25 0.99
A16F 0.65 -7.78 -8.29 -3.47 -2.41 -19.13 0.99
A16G 0.96 -4.55 -5.31 -2.11 -1.67 -16.70 0.91
A16H 0.27 -7.87 -8.71 -3.43 -4.21 -20.84 1.00
A16I 1.11 -4.95 -5.80 -2.88 -0.73 -20.52 0.99
A16K 0.23 -7.25 -8.20 -2.87 -3.24 -22.05 1.00
A16L 0.93 -5.71 -6.30 -2.87 -0.86 -19.98 0.97
A16M 1.00 -4.89 -5.43 -2.88 -1.97 -19.36 0.99
A16N -0.04 -7.46 -8.41 -3.34 -3.27 -21.31 0.99
A16P 0.35 -9.37 -9.71 -2.86 -4.54 -17.12 1.00
A16Q 0.72 -7.17 -8.27 -2.87 -3.01 -21.13 0.99
A16R 0.48 -7.32 -8.17 -2.87 -3.74 -22.21 0.99
A16S 0.91 -5.11 -5.95 -1.67 -0.85 -12.96 0.76
A16T 0.93 -3.24 -4.11 -2.29 -0.59 -14.18 0.95
A16V 0.97 -3.83 -4.39 -2.31 -0.22 -13.55 0.97
A16W 0.93 -9.94 -10.90 -4.04 -4.04 -20.73 1.00
A16Y 0.89 -8.94 -9.58 -3.46 -3.27 -18.92 0.99
F17C 0.02 -9.29 -10.47 -4.56 -4.77 -18.26 1.00
F17H 0.79 -7.45 -8.72 -4.15 -3.26 -20.28 1.00
F17I 0.94 -6.90 -7.97 -3.45 -3.25 -17.62 1.00
F17L 1.00 -6.92 -7.85 -3.42 -2.69 -16.53 1.00
F17R -0.09 -8.86 -9.55 -5.31 -8.53 -19.44 1.00
F17S 0.76 -7.46 -7.95 -4.70 -5.40 -17.51 1.00
F17V 0.89 -7.50 -8.77 -4.06 -2.26 -18.33 0.99
F17Y 0.55 -5.13 -5.76 -1.78 -0.78 -15.97 0.91
S18A 0.99 -2.45 -2.69 -1.54 -0.09 -9.09 0.16
S18C 0.74 -4.71 -5.69 -2.64 -0.13 -12.44 0.38
S18F 1.00 -5.70 -6.25 -3.38 -0.75 -13.83 0.81
S18L 1.06 -4.45 -4.84 -3.24 -0.20 -11.35 0.53
S18P 0.95 -6.58 -6.43 -2.74 -0.73 -14.56 0.99
S18R 1.09 -4.69 -4.99 -2.83 -0.14 -14.30 0.96
S18T 0.92 -3.91 -4.19 -1.67 -0.03 -10.69 0.35
S18V 0.85 -4.56 -4.89 -3.29 -0.75 -12.67 0.76
S18W 0.85 -7.38 -7.95 -3.99 -0.98 -16.53 0.93
S18Y 0.87 -7.03 -7.70 -3.39 -0.82 -14.91 0.79
L19I 0.57 -2.72 -3.16 -1.19 -0.62 -11.41 0.82
L19P 0.93 -6.70 -6.34 -4.05 -1.64 -13.01 1.00
L19Q 1.03 -6.28 -6.89 -3.59 -1.23 -14.45 0.99
L19R 0.48 -5.67 -6.01 -3.56 -1.26 -15.25 0.98
L19S 0.66 -5.73 -6.11 -3.57 -0.85 -15.51 0.99
L19V 1.08 -4.27 -4.84 -1.76 -0.32 -13.58 0.82
F20C 1.04 -7.97 -9.21 -4.56 -3.10 -16.37 1.00
F20D 0.57 -9.31 -9.46 -5.33 -6.53 -18.03 1.00
F20H 0.64 -6.94 -7.82 -4.12 -2.73 -18.20 1.00
F20I 0.97 -5.14 -5.83 -3.24 -0.79 -14.57 0.99
F20L 0.99 -5.23 -6.05 -3.10 -0.68 -15.11 1.00
F20N 0.41 -7.07 -7.66 -5.24 -4.88 -18.12 1.00
F20P 0.43 -10.91 -11.57 -5.76 -7.32 -17.09 1.00
F20Q 0.92 -8.00 -8.52 -5.18 -2.96 -19.58 1.00
F20S 0.93 -6.65 -7.40 -4.62 -2.07 -13.85 1.00
F20T 0.15 -8.75 -9.77 -4.55 -2.80 -18.87 1.00
F20V 1.21 -6.19 -7.13 -3.87 -1.71 -16.28 0.99
F20Y 1.15 -2.99 -3.83 -1.75 -0.85 -13.66 0.94
D21A 0.38 -4.25 -5.54 -5.69 -2.02 -15.89 1.00
D21C 1.20 -6.48 -8.24 -6.39 -4.28 -17.08 1.00
D21E 1.09 -4.99 -6.26 -2.86 -0.92 -12.94 0.99
D21F 1.16 -9.01 -10.37 -6.44 -6.87 -18.24 1.00
D21G 0.98 -6.35 -7.85 -5.02 -3.66 -13.10 0.99
D21H 0.69 -6.88 -8.15 -5.01 -4.40 -15.67 1.00
D21I 0.11 -7.01 -8.28 -6.40 -4.39 -18.18 1.00
D21K 0.18 -7.52 -8.68 -5.01 -3.40 -17.53 1.00
D21L 0.97 -7.07 -8.50 -7.13 -5.01 -18.48 1.00
D21N 0.89 -3.32 -4.60 -3.56 -1.08 -13.08 0.99
D21P 1.30 -8.86 -10.05 -4.92 -9.25 -17.32 1.00
D21Q 0.79 -8.08 -9.39 -4.29 -2.23 -16.68 1.00
D21R 0.86 -8.65 -10.02 -5.72 -3.80 -18.23 0.99
D21S 0.91 -6.07 -7.03 -4.26 -4.39 -15.58 0.99
D21T -0.19 -6.07 -7.48 -4.93 -2.54 -16.05 1.00
D21V 1.03 -4.97 -6.29 -6.38 -2.18 -15.49 1.00
D21W 1.04 -8.46 -9.36 -7.17 -8.35 -21.16 1.00
D21Y 0.95 -6.65 -7.79 -6.43 -3.45 -15.61 0.99
K22A 1.09 -4.59 -5.21 -4.32 -0.76 -13.26 0.92
K22C 1.02 -8.94 -10.12 -5.79 -0.82 -18.25 0.98
K22D 0.38 -5.57 -6.18 -4.33 -1.12 -20.74 0.98
K22E 1.03 -5.11 -5.70 -2.87 -0.58 -15.60 0.94
K22F 0.68 -7.47 -8.59 -5.81 -1.92 -19.68 0.99
K22G 0.29 -5.44 -6.03 -5.00 -1.57 -15.07 0.92
K22H 0.36 -4.76 -5.48 -4.30 -1.51 -15.41 0.94
K22I 0.99 -5.92 -6.45 -5.80 -0.64 -19.44 0.97
K22L 0.48 -5.30 -5.88 -5.07 -0.81 -18.36 0.95
K22M 0.57 -6.45 -7.32 -4.31 -0.93 -16.06 0.95
K22N 1.07 -5.10 -5.42 -3.58 -0.95 -14.79 0.98
K22P -0.02 -6.80 -7.24 -4.35 -1.66 -16.44 0.99
K22Q 1.00 -4.79 -5.46 -2.83 -0.49 -13.46 0.84
K22R 1.06 -3.13 -3.78 -2.10 -0.15 -7.70 0.27
K22S 0.94 -4.56 -5.01 -3.59 -0.44 -13.57 0.97
K22T 0.86 -3.67 -3.98 -4.32 -0.59 -14.10 0.87
K22V 0.87 -5.11 -5.75 -5.07 -0.69 -19.18 0.92
K22W 0.04 -8.23 -9.05 -5.79 -2.09 -20.58 1.00
K22Y 0.62 -8.48 -9.61 -5.07 -1.98 -19.45 0.99
D23A 1.01 -6.13 -6.69 -5.74 -1.60 -17.07 0.97
D23E 0.96 -3.96 -4.90 -2.88 -0.32 -11.62 0.96
D23G 1.03 -4.25 -5.10 -5.05 -2.75 -14.01 0.92
D23H 1.02 -6.40 -6.89 -5.04 -2.58 -15.59 0.99
D23K 1.33 -4.88 -5.89 -5.03 -2.28 -16.57 0.99
D23N 1.06 -1.78 -2.42 -3.56 -0.61 -12.73 0.67
D23R 0.78 -6.44 -7.68 -5.73 -2.01 -17.81 0.99
D23S -0.23 -5.42 -6.22 -4.30 -1.83 -16.91 0.91
D23T -0.07 -5.20 -5.74 -5.03 -1.94 -18.44 0.96
D23V 0.99 -8.13 -9.45 -6.50 -3.27 -16.30 0.99
D23Y 0.96 -6.93 -7.82 -6.51 -2.71 -13.07 0.98
G24A 0.96 -4.22 -4.98 -4.29 -0.61 -12.80 0.61
G24C 0.92 -4.71 -5.28 -6.45 -1.10 -13.96 0.75
G24D 1.01 -3.65 -4.04 -4.96 -0.65 -12.80 0.89
G24L 0.51 -6.87 -7.85 -7.21 -1.48 -18.86 0.94
G24N 0.50 -2.66 -3.16 -4.28 -0.20 -10.32 0.64
G24R 0.93 -3.55 -4.16 -5.76 -0.49 -16.10 0.91
G24S 0.95 -2.67 -3.36 -4.28 -0.46 -9.63 0.43
G24V 0.97 -8.07 -8.81 -6.45 -1.44 -17.19 0.96
G24Y 0.67 -7.81 -8.79 -6.48 -2.30 -20.54 0.96
D25A 1.10 -5.94 -6.38 -5.72 -1.15 -16.54 0.94
D25E 0.76 -5.16 -6.17 -2.88 -1.18 -14.22 0.95
D25G 0.98 -3.82 -4.52 -5.05 -1.03 -9.32 0.87
D25H 0.70 -5.98 -6.56 -4.98 -2.28 -17.56 0.98
D25N 1.03 -1.33 -1.87 -3.58 -0.09 -12.26 0.56
D25V 0.88 -8.67 -10.33 -6.49 -2.88 -18.53 0.98
G26A 1.06 -5.13 -6.56 -4.54 -3.04 -14.53 0.95
G26C 0.92 -6.90 -8.06 -6.72 -2.80 -14.69 0.98
G26D 0.94 -4.49 -5.54 -5.29 -2.11 -12.95 0.98
G26N 0.27 -4.04 -5.13 -4.54 -2.81 -14.18 0.97
G26R 1.20 -4.39 -5.87 -5.99 -1.21 -14.98 0.99
G26S 0.91 -4.94 -6.31 -4.54 -1.84 -11.78 0.90
G26V 0.95 -7.26 -8.46 -6.71 -5.06 -16.19 1.00
T27A 1.02 -2.61 -2.95 -1.92 -0.07 -6.17 0.27
T27C 0.17 -2.05 -2.25 -2.18 -0.05 -7.04 0.39
T27D 0.64 -5.15 -5.62 -2.31 -0.43 -12.52 0.85
T27E 0.60 -4.43 -4.71 -1.79 -0.31 -11.76 0.71
T27F 0.38 -3.89 -4.45 -3.51 -0.25 -12.36 0.57
T27G 0.98 -6.28 -6.82 -3.31 -1.04 -12.18 0.48
T27H 0.41 -3.92 -4.45 -2.73 -0.36 -10.57 0.64
T27I 0.97 -3.36 -3.75 -2.98 -0.16 -12.51 0.60
T27K 0.53 -2.43 -2.73 -1.99 -0.12 -12.55 0.75
T27L 0.30 -4.81 -5.43 -2.71 -0.40 -12.53 0.42
T27M 0.91 -4.36 -4.74 -2.12 -0.24 -12.32 0.26
T27N 1.04 -2.41 -2.66 -1.89 -0.17 -8.75 0.35
T27P 0.88 -6.10 -6.70 -2.62 -0.78 -11.83 0.98
T27R 0.96 -2.82 -3.10 -2.04 -0.16 -12.57 0.72
T27S 0.96 -1.86 -2.14 -1.27 -0.03 -7.17 0.22
T27V 0.75 -2.93 -3.35 -2.29 -0.13 -12.12 0.33
T27W 0.52 -7.45 -8.58 -3.28 -0.77 -17.35 0.93
T27Y 0.29 -3.65 -3.87 -2.95 -0.26 -12.77 0.67
I28A 0.37 -7.60 -8.72 -4.06 -4.41 -19.03 0.99
I28F 1.06 -6.38 -7.45 -3.25 -2.57 -15.54 0.99
I28G 0.11 -8.83 -9.06 -6.48 -4.93 -20.14 1.00
I28K 0.77 -8.77 -9.59 -5.67 -5.98 -20.18 1.00
I28L 0.92 -4.73 -5.54 -1.62 -1.04 -14.64 0.88
I28M 1.15 -6.04 -7.15 -2.44 -1.79 -13.03 0.96
I28N 0.95 -8.31 -8.95 -5.67 -5.65 -18.76 1.00
I28P -0.23 -8.30 -8.42 -5.68 -6.55 -18.98 1.00
I28Q -0.12 -8.93 -9.92 -5.67 -5.98 -19.77 1.00
I28R 1.04 -7.63 -8.56 -5.67 -4.56 -20.95 1.00
I28S 0.83 -5.85 -6.32 -4.87 -3.57 -17.09 1.00
I28T 0.89 -7.33 -8.40 -4.06 -1.64 -16.69 1.00
I28V 0.89 -2.68 -3.62 -0.81 -0.13 -10.72 0.38
I28W 0.39 -9.36 -10.53 -5.67 -6.28 -23.85 1.00
T29A 0.99 -3.38 -3.96 -4.05 -0.25 -11.47 0.75
T29F 0.69 -8.06 -9.11 -5.68 -3.16 -16.53 0.98
T29G -0.05 -6.12 -6.89 -5.68 -2.34 -14.40 0.69
T29I 1.01 -7.35 -8.82 -4.87 -1.90 -16.54 0.99
T29K 1.07 -4.44 -4.92 -4.86 -1.84 -16.13 0.97
T29L 0.44 -5.14 -5.84 -4.87 -2.51 -14.80 0.91
T29M 0.58 -7.14 -7.98 -4.86 -2.96 -15.36 0.90
T29P 0.98 -4.86 -5.99 -4.87 -2.26 -11.80 0.93
T29R 0.44 -4.69 -5.22 -4.87 -1.88 -16.27 0.96
T29S 0.69 -1.88 -2.16 -3.23 -0.25 -8.88 0.39
T29V 1.29 -8.13 -9.14 -4.06 -2.29 -17.19 0.94
T30A 1.04 -2.54 -2.70 -4.01 -0.00 -12.08 0.34
T30C -0.09 -5.08 -5.33 -4.84 -0.05 -14.59 0.82
T30E 0.67 -7.15 -7.59 -4.84 -0.61 -18.20 0.93
T30G 0.67 -6.26 -6.78 -5.65 -0.86 -16.04 0.62
T30I 1.02 -3.64 -3.99 -4.82 -0.16 -13.70 0.88
T30K 0.19 -5.31 -5.83 -4.84 -0.38 -14.31 0.93
T30L 0.72 -4.61 -5.01 -4.83 -0.24 -15.89 0.74
T30M 0.35 -4.72 -5.27 -4.83 -0.29 -14.11 0.69
T30N 0.40 -5.19 -5.50 -4.04 -0.40 -11.95 0.79
T30P 0.85 -5.26 -5.88 -4.84 -0.43 -12.85 0.66
T30R 1.26 -6.42 -6.89 -4.85 -0.45 -16.87 0.90
T30S 1.00 -2.27 -2.48 -3.22 -0.08 -10.66 0.39
K31A 0.70 -2.71 -3.10 -4.69 -0.36 -11.22 0.74
K31C -0.23 -6.81 -8.16 -6.33 -0.60 -17.80 0.95
K31D 0.24 -3.62 -3.96 -4.70 -0.29 -14.05 0.89
K31E 1.09 -2.29 -2.60 -3.09 0.08 -9.90 0.81
K31F 0.73 -6.57 -7.37 -6.33 -1.46 -19.35 0.98
K31G 0.90 -3.67 -4.17 -5.51 -0.59 -13.73 0.75
K31H 1.12 -4.47 -4.84 -4.68 -0.60 -15.94 0.80
K31I 1.01 -5.85 -6.38 -6.32 -0.90 -15.85 0.95
K31L 0.85 -5.80 -6.57 -5.52 -0.49 -16.16 0.86
K31M 0.87 -6.83 -7.47 -4.69 -0.50 -13.57 0.88
K31N 0.95 -4.39 -4.89 -3.89 0.00 -12.23 0.91
K31P 0.08 -5.98 -6.57 -4.74 -1.66 -16.54 0.94
K31Q 0.99 -2.95 -3.43 -3.05 0.08 -11.75 0.53
K31R 0.98 -2.75 -3.34 -2.25 -0.11 -9.95 0.16
K31S 0.62 -3.53 -3.90 -3.89 -0.16 -12.04 0.85
K31T 0.94 -3.41 -3.82 -4.66 -0.18 -11.26 0.76
K31W 0.90 -7.43 -8.79 -6.33 -1.51 -18.69 0.98
K31Y 0.89 -6.38 -7.27 -5.52 -1.76 -19.18 0.96
E32A 1.11 -6.54 -7.39 -4.93 -3.01 -14.92 0.99
E32D 1.05 -2.73 -3.66 -2.45 -0.93 -13.03 0.97
E32G 1.02 -5.72 -6.75 -5.75 -4.68 -14.52 0.99
E32H 1.26 -6.97 -8.26 -4.09 -3.77 -18.09 1.00
E32K 0.98 -4.99 -5.91 -3.28 -2.21 -12.54 1.00
E32L 0.62 -7.35 -8.18 -6.58 -4.02 -18.40 1.00
E32M 0.36 -6.41 -7.54 -5.75 -4.15 -20.19 1.00
E32V 1.03 -6.50 -7.15 -5.76 -2.86 -16.19 1.00
L33A 1.12 -5.28 -6.38 -4.14 -3.73 -12.15 0.96
L33E -0.13 -9.20 -9.63 -5.80 -8.49 -13.76 1.00
L33F 1.08 -5.19 -5.73 -3.31 -1.18 -8.71 0.97
L33G -0.19 -8.23 -9.11 -6.63 -8.22 -12.17 0.99
L33H 0.74 -6.09 -6.41 -5.79 -2.77 -15.16 1.00
L33I 0.90 -2.92 -3.90 -1.66 -1.77 -12.96 0.92
L33M 0.38 -3.74 -4.89 -1.66 -0.58 -12.87 0.88
L33P 0.88 -7.58 -8.38 -5.80 -6.40 -12.05 1.00
L33Q -0.28 -8.36 -8.75 -4.97 -7.97 -17.14 1.00
L33R 0.42 -5.77 -7.08 -4.97 -5.56 -14.95 1.00
L33S 0.86 -6.53 -6.75 -4.97 -3.67 -12.33 1.00
L33T 1.07 -6.56 -7.21 -4.14 -4.15 -15.36 0.98
L33V 0.74 -2.54 -3.62 -2.49 -1.34 -10.57 0.92
L33W -0.34 -7.71 -8.78 -4.97 -2.15 -11.67 0.99
L33Y 0.63 -6.77 -7.91 -4.13 -3.80 -13.73 0.99
G34C 1.03 -8.86 -9.82 -7.33 -2.33 -15.17 1.00
G34D 0.08 -5.96 -6.75 -5.72 -1.11 -14.80 1.00
G34E 0.96 -5.83 -6.57 -6.52 -1.02 -15.49 1.00
G34I 0.28 -7.53 -8.39 -8.15 -1.68 -18.19 1.00
G34K 0.37 -6.68 -7.13 -6.51 -1.38 -17.24 1.00
G34L 0.95 -6.81 -7.47 -8.15 -1.52 -16.84 1.00
G34R 1.02 -5.90 -6.64 -6.50 -0.10 -13.43 1.00
G34S 1.25 -5.06 -5.72 -4.87 -0.52 -11.96 0.99
G34V 0.55 -7.12 -7.88 -7.33 -1.08 -16.25 1.00
T35A 0.97 -2.91 -3.32 -4.15 -0.03 -12.35 0.70
T35C 0.91 -6.06 -6.67 -4.98 -0.84 -16.43 0.96
T35F 0.89 -6.86 -7.70 -5.81 -1.12 -17.92 0.94
T35I 1.06 -2.98 -3.30 -4.96 -0.12 -10.88 0.91
T35M 0.21 -4.80 -5.31 -4.97 -0.51 -10.70 0.81
T35N 0.62 -4.75 -5.14 -4.16 -0.28 -10.26 0.81
T35P 0.88 -5.42 -6.34 -4.99 -1.39 -13.08 0.93
T35R 0.86 -6.41 -6.80 -4.99 -0.87 -14.52 0.96
T35S 0.97 -3.56 -3.86 -3.33 -0.03 -12.55 0.76
T35V 0.19 -3.49 -3.69 -4.13 -0.22 -10.86 0.68
T35W 0.98 -9.06 -10.15 -5.82 -1.66 -18.57 0.99
T35Y 0.05 -6.79 -7.55 -5.81 -1.25 -16.71 0.97
V36A 0.99 -3.74 -4.19 -3.01 -1.10 -14.05 0.97
V36C 0.62 -7.55 -8.32 -3.96 -2.45 -17.53 0.98
V36D 0.89 -9.64 -10.76 -5.63 -4.19 -20.45 1.00
V36E 0.97 -8.59 -9.82 -4.80 -2.44 -19.76 1.00
V36F 1.04 -5.33 -6.13 -4.03 -2.08 -16.22 0.98
V36G 0.84 -7.40 -7.72 -5.56 -2.52 -19.04 0.96
V36I 1.00 -3.13 -3.77 -0.81 -0.07 -9.74 0.58
V36L 0.34 -4.58 -5.30 -2.39 -0.77 -10.64 0.98
V36M 0.88 -4.85 -5.49 -2.41 -1.46 -13.35 0.98
V36N -0.22 -9.69 -10.76 -5.63 -4.18 -20.61 1.00
V36P 0.10 -10.26 -11.89 -4.80 -4.26 -17.55 1.00
V36R 0.07 -8.95 -10.43 -5.58 -3.17 -18.78 0.99
V36S 0.55 -6.39 -7.11 -4.71 -2.15 -17.75 0.98
V36T 1.17 -5.95 -6.79 -3.17 -1.52 -16.84 0.97
V36W 0.24 -8.36 -8.69 -5.66 -4.24 -20.51 1.00
M37A 1.21 -6.86 -7.82 -4.90 -4.37 -17.32 0.99
M37I 1.00 -2.97 -3.67 -3.16 -0.69 -12.92 0.99
M37K 0.93 -9.70 -11.25 -4.95 -5.07 -16.89 1.00
M37L 0.93 -3.75 -4.10 -2.30 -0.56 -14.13 0.74
M37N 1.21 -7.34 -8.13 -5.78 -5.12 -20.21 1.00
M37R 0.76 -8.15 -9.25 -4.95 -3.85 -17.31 1.00
M37S 0.38 -7.96 -8.86 -4.94 -4.28 -17.53 1.00
M37T 0.95 -6.53 -7.27 -4.89 -1.38 -16.26 1.00
M37V 1.04 -5.00 -5.85 -3.21 -0.12 -15.73 0.94
M37W 1.14 -5.66 -6.19 -4.95 -3.54 -20.24 1.00
R38A 0.52 -5.68 -6.21 -5.02 -0.82 -14.71 1.00
R38C 0.79 -6.87 -7.98 -6.72 -0.88 -11.23 1.00
R38E 1.14 -4.91 -5.29 -4.18 -0.96 -15.41 0.99
R38G 1.00 -5.96 -6.34 -5.84 -0.99 -13.01 0.99
R38H 0.20 -4.49 -4.95 -4.20 -1.46 -11.97 0.99
R38K 0.96 -2.99 -3.49 -2.48 -0.09 -11.92 0.96
R38L 0.66 -5.34 -6.07 -5.88 -0.74 -13.70 0.99
R38M 1.04 -7.22 -8.12 -5.03 -2.33 -14.52 1.00
R38N -0.10 -5.67 -6.20 -4.18 -0.87 -15.62 1.00
R38P 0.65 -8.36 -9.30 -5.86 -1.73 -12.79 1.00
R38Q 0.68 -3.43 -3.82 -3.35 -0.95 -11.14 0.99
R38S 0.81 -5.01 -5.40 -5.02 -1.13 -12.46 1.00
R38T 1.01 -4.80 -5.42 -5.03 -0.91 -13.57 1.00
R38V 1.04 -6.85 -7.80 -6.71 -2.32 -15.49 1.00
R38W 1.04 -6.49 -7.31 -6.72 -0.84 -11.94 1.00
S39A 0.91 -2.74 -3.07 -2.51 -0.62 -8.32 0.51
S39C 0.85 -4.15 -5.31 -4.19 -1.27 -10.25 0.89
S39E 0.22 -6.25 -6.66 -3.36 -1.63 -16.43 0.98
S39G 0.56 -5.72 -6.28 -3.36 -1.82 -11.57 0.82
S39I 0.94 -6.83 -7.48 -5.02 -1.86 -14.59 0.99
S39K 0.47 -5.90 -6.29 -3.36 -1.11 -15.29 1.00
S39L 1.09 -4.91 -5.29 -5.02 -1.13 -13.55 0.97
S39N 0.66 -5.29 -5.65 -2.53 -1.11 -9.73 0.96
S39P 1.01 -8.13 -9.16 -4.20 -2.64 -13.87 1.00
S39R 1.00 -5.87 -6.29 -4.20 -1.29 -13.69 1.00
S39T 0.94 -4.26 -4.65 -2.52 -0.53 -10.76 0.85
S39W 1.16 -7.96 -8.92 -5.85 -2.05 -16.26 0.99
S39Y 1.25 -8.31 -9.17 -5.00 -2.57 -14.79 0.97
L40A 1.23 -5.40 -6.19 -4.23 -2.36 -17.98 0.96
L40F 0.28 -4.80 -5.53 -3.39 -1.57 -12.83 0.98
L40H 1.20 -8.61 -9.65 -5.92 -2.49 -16.18 1.00
L40I 1.22 -3.33 -3.98 -1.69 -0.73 -12.21 0.90
L40K 1.04 -7.94 -8.97 -5.08 -4.05 -17.99 1.00
L40M 1.10 -3.63 -4.46 -1.69 -1.13 -11.46 0.88
L40N 1.26 -7.64 -8.51 -5.92 -3.85 -18.61 1.00
L40P 0.77 -7.62 -9.32 -5.92 -2.83 -13.60 1.00
L40Q 1.14 -6.26 -7.20 -5.08 -2.22 -15.98 1.00
L40R 0.74 -6.91 -7.72 -5.08 -3.31 -15.12 0.99
L40S 0.89 -6.07 -6.90 -5.08 -1.72 -16.08 1.00
L40T 0.36 -5.12 -5.92 -4.23 -2.68 -17.05 0.98
L40V 1.09 -3.72 -4.56 -2.54 -0.12 -15.22 0.91
L40W 0.43 -4.98 -5.45 -5.08 -1.84 -15.69 0.99
L40Y 0.07 -6.31 -7.14 -4.23 -3.35 -17.55 1.00
G41A 1.02 -5.69 -6.62 -5.01 -2.76 -11.80 0.99
G41C 0.83 -7.37 -8.08 -7.54 -3.95 -13.51 0.99
G41D 1.03 -3.94 -4.70 -5.82 -1.47 -12.17 1.00
G41E 1.28 -6.55 -7.29 -6.67 -1.54 -13.41 1.00
G41H 0.20 -7.54 -8.36 -6.68 -3.09 -16.03 1.00
G41N 0.25 -4.14 -4.89 -5.00 -1.27 -11.60 0.99
G41Q 0.06 -6.99 -7.83 -6.67 -2.58 -15.52 1.00
G41R 1.00 -5.48 -6.27 -6.66 -1.48 -12.25 1.00
G41S 0.94 -5.43 -6.11 -5.00 -1.57 -10.95 0.98
G41V 0.91 -6.70 -8.20 -7.53 -2.02 -15.63 1.00
Q42D 0.10 -7.65 -8.39 -4.22 -1.01 -16.27 0.98
Q42E 0.51 -4.90 -5.42 -2.53 -0.88 -12.13 0.64
Q42G 0.71 -5.93 -6.48 -5.91 -1.69 -15.03 0.76
Q42H 1.03 -3.61 -4.27 -4.22 -0.43 -10.69 0.97
Q42K 0.58 -3.99 -4.45 -3.37 -0.39 -11.76 0.89
Q42L 1.01 -4.14 -4.64 -5.88 -0.39 -11.24 0.71
Q42P 0.79 -8.35 -8.88 -5.06 -1.73 -13.00 1.00
Q42R 1.03 -4.15 -4.68 -3.37 -0.58 -12.96 0.90
Q42V 0.11 -6.83 -7.28 -5.89 -1.11 -14.90 0.83
Q42W 0.46 -7.65 -8.33 -5.90 -1.39 -17.89 0.98
N43D 0.95 -4.83 -5.21 -4.21 -0.27 -16.08 0.98
N43F 1.26 -7.07 -7.48 -7.59 -1.59 -17.92 0.95
N43G 0.64 -7.21 -7.71 -5.05 -1.47 -16.31 0.96
N43H 1.09 -4.62 -4.93 -4.22 -1.04 -16.29 0.93
N43I 1.07 -6.16 -6.73 -7.59 -1.03 -15.07 0.93
N43K 0.91 -4.14 -4.47 -5.06 -0.78 -8.54 0.99
N43R 1.32 -5.54 -6.04 -5.06 -0.82 -13.99 0.98
N43S 1.07 -3.09 -3.32 -4.20 -0.64 -10.95 0.76
N43T 1.18 -4.18 -4.62 -5.05 -0.62 -12.90 0.88
N43W 0.27 -9.52 -10.06 -8.44 -2.80 -20.23 0.99
N43Y 1.01 -5.24 -5.62 -6.75 -1.12 -18.81 0.85
P44A 1.06 -4.70 -5.27 -6.77 -0.61 -11.29 0.97
P44H 0.89 -6.91 -7.63 -7.62 -2.08 -16.27 1.00
P44I 0.55 -5.44 -5.78 -8.47 -1.12 -16.82 0.99
P44L 1.02 -5.94 -6.11 -8.47 -0.24 -12.49 0.98
P44Q 0.95 -6.88 -7.58 -6.77 -2.01 -15.69 1.00
P44R 0.77 -7.65 -8.31 -7.62 -2.23 -16.39 0.99
P44S 0.97 -5.21 -5.95 -6.77 -0.51 -13.59 1.00
P44T 1.01 -5.18 -5.57 -6.77 -1.48 -14.08 0.99
P44V 1.16 -4.58 -5.12 -7.62 -1.02 -14.74 0.98
T45A 1.09 -4.29 -4.66 -2.72 -0.47 -11.37 0.73
T45D -0.36 -4.88 -5.26 -3.58 -1.33 -15.69 0.95
T45E 1.20 -6.24 -6.79 -3.57 -0.92 -16.28 0.96
T45F 1.13 -8.57 -9.24 -4.71 -2.35 -17.36 0.99
T45G 0.42 -6.83 -7.65 -4.12 -1.33 -12.66 0.76
T45I 0.83 -3.76 -4.01 -4.16 -1.25 -17.48 0.99
T45K 1.03 -5.13 -5.73 -3.57 -1.38 -14.57 0.96
T45L 0.95 -6.45 -7.09 -4.15 -1.66 -15.55 0.93
T45N 0.79 -4.49 -4.82 -2.72 -0.71 -13.38 0.83
T45P 0.61 -4.73 -5.14 -3.87 -1.01 -13.41 0.85
T45R 0.97 -5.22 -5.70 -3.87 -1.42 -14.25 0.94
T45S 0.93 -2.00 -2.15 -1.27 -0.18 -7.64 0.51
T45V 0.69 -5.74 -6.67 -3.62 -2.29 -15.57 0.94
T45W 0.74 -9.08 -9.84 -5.02 -3.79 -19.42 1.00
E46A 0.89 -4.53 -5.28 -5.09 -1.11 -13.21 0.87
E46C 0.09 -8.79 -10.08 -7.64 -2.67 -19.85 1.00
E46D 0.87 -1.92 -2.31 -2.55 -0.02 -8.15 0.75
E46F 0.34 -7.79 -8.58 -6.80 -1.60 -18.13 1.00
E46G 1.01 -6.68 -7.34 -5.95 -1.43 -13.95 0.91
E46H 0.64 -6.95 -7.88 -4.25 -1.93 -15.29 0.99
E46I 1.15 -6.40 -7.06 -6.80 -1.41 -19.36 0.99
E46K 0.63 -4.02 -4.31 -3.39 -0.74 -14.34 0.96
E46L 0.84 -5.50 -6.00 -6.79 -1.10 -16.29 0.98
E46M 1.23 -5.92 -6.82 -5.94 -1.41 -17.99 0.99
E46N -0.01 -3.92 -4.43 -4.24 -0.71 -15.33 0.95
E46P 1.36 -4.28 -4.74 -5.09 -1.39 -14.20 0.97
E46Q 1.03 -3.74 -4.37 -2.53 -0.14 -12.31 0.85
E46R 0.89 -5.63 -6.16 -4.24 -1.09 -18.40 0.95
E46S 0.34 -6.54 -7.02 -4.24 -1.19 -15.73 0.93
E46V 0.96 -6.30 -6.89 -5.95 -1.13 -15.30 0.94
E46W 0.83 -9.15 -10.27 -6.79 -2.96 -19.91 1.00
E46Y 0.09 -7.08 -7.95 -5.94 -2.21 -17.78 0.99
A47C 0.56 -7.46 -7.61 -2.76 -1.63 -15.41 0.89
A47D 0.83 -4.80 -5.05 -3.49 -0.25 -12.48 0.88
A47E 1.15 -2.98 -3.06 -2.93 -0.30 -11.40 0.78
A47F 0.31 -6.75 -7.11 -4.12 -0.85 -15.16 0.90
A47G 0.92 -4.97 -5.37 -2.45 -0.45 -9.56 0.44
A47H 0.91 -7.75 -8.26 -3.81 -1.12 -15.67 0.92
A47I 0.91 -5.06 -5.38 -3.56 -0.85 -13.73 0.85
A47K 0.83 -4.26 -4.61 -2.96 -0.52 -15.25 0.92
A47L 0.72 -6.01 -6.51 -3.57 -0.81 -13.64 0.68
A47M 1.18 -6.99 -7.36 -3.26 -0.79 -13.60 0.67
A47N 0.58 -5.50 -5.89 -3.19 -0.12 -13.18 0.66
A47P 0.70 -5.85 -5.95 -3.27 -0.69 -10.57 0.96
A47Q 0.56 -3.38 -3.71 -2.94 -0.30 -11.77 0.66
A47R 0.99 -5.32 -5.73 -3.27 -0.64 -16.48 0.90
A47S 1.01 -2.80 -3.01 -0.68 -0.04 -8.05 0.25
A47T 1.02 -3.68 -3.87 -2.08 -0.12 -9.06 0.36
A47V 0.94 -5.45 -5.89 -3.00 -0.47 -9.49 0.62
A47W 0.91 -8.86 -9.47 -4.96 -2.15 -18.28 0.99
E48A 0.39 -7.13 -7.74 -5.11 -1.67 -16.26 0.92
E48C 0.70 -9.54 -10.09 -7.67 -3.87 -20.72 1.00
E48D 1.09 -2.26 -2.93 -2.56 -0.06 -12.81 0.83
E48F 1.04 -8.77 -9.73 -6.82 -3.85 -20.67 1.00
E48G 1.06 -7.82 -8.63 -5.96 -3.28 -17.50 0.95
E48H 0.30 -8.71 -9.62 -4.26 -3.05 -18.26 0.99
E48I 0.81 -8.18 -8.88 -6.82 -2.82 -20.94 0.99
E48K 0.74 -4.86 -5.72 -3.41 -1.02 -16.93 0.99
E48L 0.78 -7.36 -8.08 -6.82 -1.24 -19.45 0.99
E48M 1.16 -6.18 -7.02 -5.97 -2.92 -20.06 0.99
E48N 0.74 -6.05 -6.70 -4.26 -1.55 -18.97 0.97
E48Q 0.46 -3.90 -4.70 -2.56 -0.45 -13.89 0.87
E48R 0.65 -7.09 -8.12 -4.26 -2.68 -19.19 0.98
E48S 0.57 -7.06 -7.69 -4.26 -2.87 -18.22 0.96
E48T -0.07 -6.58 -7.52 -5.11 -1.52 -18.73 0.98
E48V 0.92 -7.58 -8.43 -5.97 -2.11 -17.39 0.97
E48W 1.07 -9.74 -10.36 -6.82 -4.14 -22.52 1.00
E48Y 0.96 -9.01 -10.17 -5.97 -3.65 -19.86 1.00
L49A 1.14 -6.66 -7.20 -4.25 -2.31 -16.38 0.98
L49C 0.03 -8.97 -9.71 -4.25 -2.26 -17.53 0.98
L49E 1.19 -9.82 -10.81 -5.96 -3.69 -18.81 1.00
L49F 0.99 -7.68 -8.03 -3.40 -2.01 -14.12 0.99
L49G 1.04 -8.82 -9.55 -6.78 -3.73 -20.15 0.99
L49I 0.77 -2.63 -3.07 -1.70 -0.52 -11.48 0.70
L49M 0.87 -5.71 -6.15 -1.70 -1.36 -14.09 0.88
L49P 0.04 -9.37 -10.22 -5.96 -4.26 -15.65 1.00
L49Q 0.26 -8.69 -9.27 -5.10 -2.81 -17.20 1.00
L49R 1.11 -9.67 -10.71 -5.10 -1.70 -16.39 0.99
L49S 0.90 -8.55 -9.42 -5.10 -1.10 -17.12 1.00
L49V 1.10 -2.86 -3.38 -2.55 -0.22 -10.39 0.75
L49W 0.88 -9.69 -10.18 -5.10 -1.43 -17.02 1.00
L49Y 1.22 -9.23 -9.62 -4.25 -2.24 -16.42 1.00
Q50E 0.97 -2.86 -3.05 -2.48 -0.11 -13.26 0.35
Q50G 0.49 -5.15 -5.49 -5.80 -0.56 -14.52 0.45
Q50H 0.96 -3.49 -3.80 -4.11 -0.27 -9.84 0.69
Q50K 1.05 -1.95 -2.03 -3.27 -0.24 -12.05 0.60
Q50L 1.08 -2.62 -2.93 -5.83 -0.22 -8.46 0.35
Q50N 0.63 -4.29 -4.67 -4.11 -0.08 -13.48 0.49
Q50P 0.43 -7.32 -7.77 -5.00 -1.32 -15.19 0.99
Q50R 1.08 -2.68 -2.93 -3.20 -0.10 -11.69 0.53
Q50W 0.74 -7.77 -8.38 -5.85 -1.34 -15.07 0.94
D51A 0.95 -3.42 -3.84 -6.73 -0.32 -11.75 0.85
D51E 0.89 -1.44 -1.69 -3.33 -0.11 -8.34 0.72
D51G 0.97 -4.10 -4.69 -5.86 -0.47 -12.74 0.82
D51H 0.15 -5.18 -5.89 -5.85 -0.94 -14.60 0.96
D51L 0.26 -6.30 -6.81 -8.45 -1.20 -17.35 0.95
D51N 0.76 -3.05 -3.49 -4.20 -0.04 -10.28 0.79
D51R 0.43 -4.44 -4.98 -6.73 -0.75 -18.09 0.96
D51S 0.92 -4.51 -5.04 -5.04 -0.43 -13.56 0.85
D51T 0.59 -5.11 -5.64 -5.90 -0.55 -14.41 0.93
D51V 0.24 -5.99 -6.54 -7.59 -0.42 -14.95 0.92
D51Y 0.90 -8.49 -8.84 -7.58 -0.76 -15.49 0.90
M52E 0.67 -7.48 -8.42 -5.99 -3.60 -20.40 1.00
M52F 0.04 -5.37 -5.89 -4.27 -2.47 -17.24 0.94
M52G 1.13 -8.12 -9.81 -6.84 -5.08 -20.94 1.00
M52I 0.97 -3.32 -3.72 -3.39 -0.44 -11.57 0.99
M52K 0.75 -6.89 -7.52 -5.14 -3.44 -16.36 1.00
M52L 0.93 -3.92 -4.14 -2.54 -0.20 -13.71 0.79
M52N 1.16 -7.96 -8.96 -6.00 -4.42 -19.61 1.00
M52P 0.97 -9.11 -9.87 -5.99 -5.31 -20.21 1.00
M52R 0.78 -5.94 -6.78 -5.14 -1.82 -16.88 0.99
M52S 0.69 -6.85 -7.66 -5.13 -2.50 -18.47 0.99
M52T 1.02 -5.87 -6.93 -5.12 -1.43 -13.20 0.99
M52V 0.95 -5.37 -5.72 -3.39 -0.13 -14.44 0.91
M52W 0.65 -5.66 -6.29 -5.14 -2.66 -19.41 0.99
I53A 1.23 -7.71 -8.53 -4.19 -1.06 -12.56 0.97
I53C 1.10 -7.81 -8.56 -4.23 -1.73 -16.56 0.97
I53D 0.61 -10.42 -11.49 -5.90 -3.51 -20.70 1.00
I53F 0.99 -6.44 -6.88 -3.39 -1.71 -14.09 0.97
I53G 0.27 -7.79 -9.25 -6.72 -2.89 -15.52 1.00
I53K 1.14 -6.93 -7.83 -5.87 -3.04 -17.61 0.99
I53L 1.18 -4.56 -5.20 -1.69 -0.54 -8.30 0.65
I53M 1.20 -4.38 -4.83 -2.48 -0.50 -11.49 0.64
I53R 1.05 -6.78 -7.64 -5.89 -3.45 -16.14 0.99
I53S 0.63 -7.17 -7.86 -5.02 -2.52 -14.03 0.99
I53T 1.04 -6.69 -7.39 -4.17 -0.92 -12.95 0.97
I53V 1.04 -1.47 -1.90 -0.80 -0.22 -9.06 0.22
I53W 0.57 -10.42 -11.03 -5.92 -3.18 -17.68 1.00
N54A -0.38 -2.50 -2.69 -6.47 -0.42 -11.13 0.28
N54C 0.37 -7.66 -8.63 -7.41 -0.76 -15.57 0.42
N54D 1.02 -2.93 -3.13 -4.11 -0.20 -12.66 0.53
N54E 0.45 -4.11 -4.33 -4.91 -0.37 -15.25 0.70
N54F 0.23 -9.03 -9.90 -7.43 -1.47 -18.64 0.81
N54G 0.30 -4.51 -5.07 -4.80 -0.37 -10.07 0.30
N54H 0.81 -5.44 -5.71 -4.12 -0.59 -13.60 0.38
N54I 0.89 -7.74 -8.54 -7.44 -0.41 -17.67 0.73
N54K 0.83 -3.00 -3.30 -4.91 -0.36 -12.63 0.83
N54L -0.28 -6.00 -6.52 -7.44 -0.90 -16.38 0.46
N54M 0.87 -6.43 -6.87 -6.58 -0.86 -15.59 0.59
N54P 0.81 -9.20 -10.15 -6.57 -1.89 -17.47 0.99
N54Q 0.61 -4.97 -5.26 -4.91 -0.14 -14.42 0.55
N54R 0.58 -4.08 -4.37 -4.92 -0.31 -15.40 0.69
N54S 0.90 -3.26 -3.65 -4.00 -0.14 -9.58 0.11
N54T 0.47 -5.52 -6.03 -4.90 -0.31 -12.27 0.31
N54V 0.46 -6.61 -7.27 -7.42 -0.67 -16.53 0.55
N54W 0.84 -10.26 -12.38 -8.26 -1.82 -19.99 0.93
N54Y 1.05 -7.94 -8.37 -6.61 -1.00 -17.49 0.54
E55A 0.84 -5.52 -5.94 -5.16 -0.42 -12.31 0.87
E55C 0.39 -10.98 -11.88 -7.77 -2.32 -20.15 0.99
E55D 0.95 -3.05 -3.56 -2.53 -0.19 -12.06 0.83
E55F 0.20 -9.41 -10.42 -6.91 -3.18 -21.13 1.00
E55G 1.02 -4.20 -5.14 -5.96 -1.35 -14.20 0.90
E55H 1.06 -6.94 -7.74 -4.29 -2.59 -17.62 0.99
E55I 0.55 -8.44 -9.36 -6.92 -1.43 -19.94 0.99
E55K 0.94 -4.84 -5.62 -3.44 -1.15 -14.16 0.97
E55L 0.23 -7.40 -8.05 -6.92 -1.41 -18.96 0.98
E55M 0.92 -7.47 -8.18 -6.05 -1.41 -18.91 0.98
E55N 0.81 -5.88 -6.53 -4.28 -0.81 -17.80 0.96
E55P 1.20 -7.66 -8.42 -5.16 -3.98 -20.43 1.00
E55Q 0.92 -3.66 -4.35 -2.58 -0.75 -13.34 0.88
E55R 1.14 -5.56 -6.02 -4.31 -2.13 -19.13 0.97
E55S 1.08 -4.95 -5.53 -4.28 -1.12 -17.77 0.92
E55V 1.03 -6.88 -7.52 -6.05 -1.69 -15.09 0.96
E55W 1.04 -9.04 -9.90 -6.91 -4.04 -22.58 1.00
E55Y 0.71 -9.32 -10.01 -6.05 -2.89 -18.88 0.99
V56A 0.99 -1.98 -2.22 -3.54 -0.40 -10.30 0.85
V56E 0.75 -5.39 -6.05 -5.32 -2.56 -14.86 0.99
V56G 1.04 -4.39 -5.07 -6.20 -1.53 -14.37 0.88
V56K 1.34 -6.96 -8.24 -5.32 -3.45 -17.30 1.00
V56L 0.98 -3.54 -3.96 -2.56 -0.10 -9.87 0.98
V56M 0.92 -4.44 -4.89 -2.61 -0.39 -11.65 0.97
V56R 0.48 -6.72 -7.62 -6.17 -3.96 -16.70 0.99
V56T 0.31 -6.13 -6.76 -3.55 -1.56 -15.14 0.89
D57A 0.75 -6.97 -8.13 -7.16 -1.61 -12.01 0.99
D57C 0.62 -8.19 -9.79 -8.07 -4.36 -14.47 1.00
D57E 1.05 -4.40 -5.62 -3.58 -1.79 -8.47 0.99
D57F 0.65 -7.57 -8.86 -8.01 -5.08 -14.91 1.00
D57G 1.00 -4.99 -6.73 -6.27 -1.68 -9.98 0.99
D57H 0.80 -7.10 -8.01 -6.24 -4.71 -10.93 1.00
D57K 0.83 -6.55 -8.09 -6.28 -3.17 -12.99 1.00
D57L 0.23 -7.62 -8.96 -8.95 -4.33 -15.98 1.00
D57N 1.03 -4.69 -5.88 -4.48 -0.12 -10.61 0.99
D57P 0.01 -9.33 -10.53 -6.29 -5.89 -13.77 1.00
D57Q 0.81 -7.12 -8.18 -5.38 -1.61 -12.41 1.00
D57R 1.18 -6.98 -7.96 -7.17 -3.81 -15.46 1.00
D57S 0.51 -7.29 -8.73 -5.37 -2.86 -13.29 0.99
D57T 0.86 -7.71 -8.83 -6.27 -3.21 -15.05 1.00
D57V 0.91 -7.01 -8.43 -8.05 -3.08 -12.09 1.00
D57W 1.11 -9.14 -10.54 -8.94 -6.36 -18.03 1.00
D57Y 0.94 -7.68 -8.83 -8.03 -4.07 -11.36 1.00
A58D 0.89 -4.04 -4.55 -4.91 -0.17 -18.73 0.90
A58E 1.12 -2.35 -2.44 -3.96 -0.18 -15.93 0.76
A58F 0.53 -4.38 -4.90 -5.05 -0.62 -17.07 0.78
A58G 0.73 -4.44 -4.88 -3.37 -0.51 -11.26 0.42
A58P 1.22 -2.55 -3.08 -4.13 -0.44 -12.98 0.97
A58S 0.76 -2.27 -2.44 -2.38 -0.09 -10.71 0.24
A58T 1.04 -1.45 -1.53 -3.24 -0.03 -11.15 0.33
A58V 1.06 -1.82 -1.88 -3.31 -0.06 -10.73 0.45
D59A 1.03 -5.86 -6.79 -7.14 -1.23 -16.16 0.97
D59C 1.23 -7.78 -9.23 -8.05 -2.36 -17.74 1.00
D59E 1.03 -3.31 -4.13 -3.56 -0.51 -10.19 0.97
D59F 1.01 -8.37 -9.84 -8.02 -3.99 -19.71 1.00
D59G 0.99 -3.35 -4.17 -6.22 -2.62 -15.26 0.94
D59H 1.22 -6.72 -7.61 -6.18 -2.01 -15.84 0.99
D59L 0.99 -7.97 -8.97 -8.94 -4.44 -19.18 0.99
D59N 0.97 -2.97 -3.58 -4.36 -0.40 -12.83 0.69
D59S 0.78 -5.25 -6.13 -5.31 -1.35 -17.26 0.88
D59V 0.87 -7.15 -8.08 -8.05 -2.51 -17.67 0.99
D59Y 0.81 -7.05 -8.24 -8.01 -3.63 -14.21 0.99
G60C 1.01 -5.90 -6.57 -6.25 -1.07 -13.07 0.75
G60D 1.09 -4.72 -5.47 -3.83 -0.72 -16.07 0.89
G60N 1.08 -3.66 -4.38 -1.78 -0.44 -8.57 0.64
G60R 0.84 -3.38 -3.98 -4.69 -0.36 -12.80 0.87
G60S 1.07 -3.67 -4.39 -3.23 -0.57 -10.89 0.45
G60V 0.39 -6.26 -6.89 -6.25 -1.25 -16.27 0.96
G60Y 0.94 -7.85 -9.36 -5.93 -1.59 -18.59 0.95
N61A 1.13 -5.73 -6.30 -6.74 -1.02 -14.48 0.79
N61D 0.96 -3.36 -3.61 -4.21 -0.02 -11.52 0.34
N61F 0.36 -8.81 -9.09 -7.78 -2.11 -17.19 0.98
N61H -0.11 -7.54 -8.52 -4.31 -1.60 -13.87 0.85
N61I 0.90 -6.03 -6.90 -7.79 -1.91 -16.73 0.97
N61K 0.78 -3.40 -3.96 -5.03 -0.93 -15.88 0.98
N61L 0.38 -6.91 -7.56 -7.79 -2.04 -17.62 0.91
N61M 0.24 -6.42 -7.09 -6.87 -2.01 -17.57 0.94
N61R 0.21 -4.54 -4.99 -5.15 -1.29 -16.75 0.98
N61S 1.03 -1.37 -1.67 -4.03 -0.12 -8.58 0.16
N61T 0.36 -3.33 -3.87 -5.06 -0.56 -10.21 0.50
N61Y 0.82 -6.80 -7.35 -6.93 -2.13 -16.73 0.91
G62A 1.14 -4.83 -5.88 -5.43 -1.21 -13.58 0.91
G62C 0.98 -8.21 -10.05 -8.16 -2.85 -14.48 0.96
G62D 0.93 -4.53 -5.67 -6.34 -0.97 -13.37 0.98
G62E 1.12 -4.76 -5.82 -7.22 -1.95 -13.27 0.99
G62H 1.12 -5.40 -6.62 -7.19 -3.80 -16.09 0.98
G62M 0.87 -5.51 -6.61 -8.13 -3.39 -19.67 0.99
G62N 0.23 -5.03 -5.92 -5.41 -1.25 -14.33 0.94
G62Q 1.26 -5.75 -6.87 -7.22 -3.59 -17.13 0.97
G62R 1.07 -5.48 -6.51 -7.19 -1.26 -13.14 0.98
G62S 1.00 -4.59 -5.38 -5.42 -1.39 -11.58 0.82
G62T 0.12 -6.44 -7.76 -7.23 -1.90 -17.22 0.98
G62V 0.89 -6.00 -7.05 -8.14 -4.42 -14.30 0.99
T63A 0.93 -3.35 -3.88 -4.37 -0.16 -9.06 0.40
T63C 0.37 -4.25 -4.89 -5.34 -0.30 -11.66 0.62
T63D 0.44 -5.65 -6.48 -5.27 -0.21 -11.97 0.89
T63E 0.36 -3.67 -4.13 -5.24 -0.18 -11.19 0.76
T63F 0.62 -6.17 -6.76 -6.18 -0.92 -14.78 0.74
T63G 0.96 -6.01 -6.85 -6.15 -1.50 -13.92 0.63
T63I 1.02 -3.26 -3.58 -5.35 -0.26 -14.59 0.73
T63K 0.78 -3.37 -3.87 -5.25 -0.70 -13.77 0.83
T63L 0.65 -3.90 -4.35 -5.34 -0.43 -12.52 0.53
T63M 0.37 -4.79 -5.44 -5.31 -0.40 -13.59 0.35
T63N 0.57 -4.67 -5.19 -4.36 -0.16 -9.13 0.51
T63P 1.02 -6.20 -7.26 -5.33 -0.89 -12.40 0.98
T63Q 0.50 -4.81 -5.40 -5.25 -0.26 -13.27 0.62
T63R 0.91 -3.72 -4.13 -5.27 -0.39 -13.37 0.83
T63S 0.66 -2.77 -3.25 -3.40 -0.14 -9.13 0.33
T63V 0.84 -2.82 -3.20 -4.47 -0.51 -13.02 0.45
T63W 0.55 -7.32 -8.31 -6.25 -1.10 -18.33 0.96
I64A 0.85 -6.20 -7.00 -4.41 -2.89 -16.03 0.97
I64F 1.05 -5.37 -6.81 -3.59 -1.25 -14.42 0.99
I64L 0.83 -3.02 -3.69 -1.80 -0.33 -13.09 0.80
I64M 0.93 -2.93 -3.43 -2.67 -0.67 -13.35 0.87
I64N 0.91 -9.09 -9.46 -6.23 -5.69 -15.95 1.00
I64P 1.23 -7.45 -8.28 -6.25 -5.67 -18.22 1.00
I64R 0.57 -8.59 -8.94 -6.24 -6.46 -18.65 1.00
I64S 0.90 -6.75 -7.40 -5.30 -1.84 -15.14 0.99
I64T 1.03 -2.97 -3.51 -4.37 -1.68 -15.88 0.97
I64V 1.06 -1.89 -2.47 -0.85 -0.18 -6.29 0.23
I64Y 1.03 -7.85 -8.96 -4.47 -3.68 -15.93 1.00
D65A 0.93 -5.33 -6.00 -6.34 -2.25 -15.32 0.94
D65C 1.20 -7.07 -7.99 -7.18 -2.53 -16.65 0.99
D65E 0.99 -1.86 -2.27 -3.08 -0.42 -5.61 0.84
D65F 0.56 -9.11 -9.84 -6.61 -3.51 -19.50 1.00
D65G 1.03 -5.29 -6.18 -5.63 -1.20 -13.36 0.94
D65H 0.36 -7.13 -8.53 -5.09 -3.13 -14.28 0.98
D65I 0.65 -7.70 -8.25 -7.04 -4.19 -20.17 1.00
D65K 0.69 -7.37 -8.10 -5.53 -2.22 -14.14 0.99
D65L 0.63 -8.27 -9.09 -7.84 -3.38 -18.15 0.99
D65M 0.87 -7.83 -8.78 -7.04 -4.24 -19.88 1.00
D65N 1.14 -2.81 -3.34 -3.93 -0.06 -11.83 0.84
D65P 1.11 -6.62 -7.57 -5.66 -3.96 -17.14 1.00
D65Q 0.91 -5.39 -6.23 -4.61 -1.82 -14.57 0.98
D65R 0.15 -6.96 -8.00 -6.34 -3.11 -17.62 0.99
D65S 1.07 -3.56 -4.10 -4.71 -1.62 -15.35 0.82
D65T 1.23 -3.84 -4.66 -5.54 -2.45 -17.64 0.94
D65V 1.02 -6.80 -7.49 -7.04 -2.53 -16.44 0.98
D65W 1.03 -10.18 -10.94 -7.55 -4.76 -22.07 1.00
D65Y 1.07 -6.27 -7.43 -6.21 -2.48 -14.63 0.98
F66A 1.16 -6.81 -7.69 -7.20 -1.81 -17.09 0.99
F66C 1.07 -5.55 -6.56 -7.24 -2.30 -15.55 1.00
F66D 0.05 -8.27 -8.68 -8.11 -4.39 -18.99 1.00
F66E -0.15 -7.56 -8.70 -8.08 -2.21 -18.00 0.99
F66G 0.05 -8.62 -9.47 -8.13 -5.01 -18.09 0.99
F66H 0.44 -8.85 -10.04 -6.29 -2.68 -18.28 0.99
F66I 0.68 -5.71 -6.45 -5.40 -2.01 -18.28 0.98
F66L 1.03 -5.13 -5.88 -5.40 -0.84 -9.09 1.00
F66N 0.35 -9.91 -10.52 -8.10 -4.67 -19.32 0.99
F66P 0.17 -8.35 -9.01 -9.03 -4.59 -15.93 1.00
F66Q 0.56 -7.92 -9.16 -8.10 -3.79 -17.10 0.99
F66R 0.56 -7.29 -8.17 -8.12 -4.07 -18.15 0.99
F66S 0.95 -6.15 -7.05 -7.16 -3.24 -16.84 1.00
F66T 0.19 -9.72 -10.64 -7.20 -4.27 -18.52 1.00
F66V 1.00 -6.12 -6.69 -6.30 -1.32 -16.74 0.98
F66W 0.21 -4.77 -5.47 -4.53 -1.62 -16.13 0.95
F66Y 1.00 -4.70 -4.96 -2.70 -1.12 -13.53 0.83
P67A 0.95 -4.20 -4.43 -6.69 -0.01 -6.99 0.32
P67E 0.73 -3.75 -3.83 -6.62 0.14 -10.71 0.76
P67F 1.01 -7.33 -7.74 -9.32 -0.84 -16.12 0.96
P67H 0.88 -5.55 -5.86 -7.54 -0.34 -13.55 0.76
P67I 0.83 -6.82 -7.45 -8.52 -0.55 -14.76 0.91
P67K 0.37 -5.39 -5.57 -6.66 -0.36 -11.21 0.89
P67L 0.97 -4.39 -4.76 -8.49 -0.12 -12.64 0.65
P67Q 0.93 -3.59 -3.71 -6.56 0.10 -9.97 0.65
P67R 0.82 -7.19 -7.49 -7.54 -0.67 -12.48 0.80
P67S 0.94 -3.26 -3.41 -6.58 0.03 -9.50 0.47
P67T 0.99 -4.21 -4.52 -6.66 -0.02 -10.78 0.53
P67V 0.91 -5.72 -6.07 -7.63 -0.41 -12.75 0.77
E68A 1.16 -6.06 -7.13 -5.42 -0.89 -14.15 0.97
E68C 0.90 -8.51 -9.72 -8.14 -4.10 -14.89 1.00
E68D 0.87 -4.24 -4.84 -2.71 -0.93 -11.64 0.98
E68F -0.03 -8.98 -10.03 -7.19 -5.13 -21.87 1.00
E68G 0.99 -5.52 -6.53 -6.31 -1.52 -14.02 0.97
E68K 1.01 -5.21 -6.07 -3.60 -1.76 -13.13 0.99
E68L -0.31 -6.95 -8.09 -7.21 -3.25 -19.81 1.00
E68N 0.95 -5.97 -6.82 -4.52 -2.32 -18.23 0.99
E68Q 0.47 -4.44 -5.30 -2.71 -0.22 -15.34 0.97
E68R -0.11 -8.04 -9.26 -4.51 -3.44 -18.16 0.99
E68T 0.92 -4.72 -5.64 -5.42 -2.34 -17.82 0.99
E68V 0.58 -6.09 -7.09 -6.32 -1.81 -14.60 0.99
E68W 0.76 -9.58 -10.84 -7.23 -5.75 -22.35 1.00
E68Y 0.53 -8.01 -9.16 -6.29 -4.88 -18.63 1.00
F69C 0.28 -7.19 -7.84 -7.29 -6.38 -15.68 1.00
F69G -0.14 -8.73 -9.36 -8.20 -7.82 -19.16 1.00
F69I 0.48 -7.12 -8.01 -5.46 -3.87 -17.92 1.00
F69L 0.95 -4.09 -4.92 -5.46 -1.91 -14.40 1.00
F69M -0.15 -6.02 -7.18 -5.46 -4.69 -18.78 1.00
F69R 0.07 -8.04 -9.37 -8.18 -9.76 -18.98 1.00
F69S 0.72 -6.00 -6.59 -7.28 -2.48 -15.43 1.00
F69T 0.00 -6.37 -7.43 -7.28 -5.72 -19.25 1.00
F69V 0.85 -6.74 -7.78 -6.37 -2.33 -16.41 0.99
F69Y 0.79 -3.93 -4.88 -2.72 -0.93 -14.82 0.89
L70A 0.71 -5.22 -6.01 -4.55 -1.82 -16.55 0.93
L70C 0.42 -4.73 -5.48 -4.55 -0.73 -13.51 0.80
L70D 0.19 -8.46 -9.33 -7.31 -2.50 -20.44 1.00
L70E -0.03 -7.26 -8.49 -6.39 -2.15 -19.30 1.00
L70F 0.68 -6.88 -7.51 -3.63 -0.83 -12.97 0.99
L70G 0.87 -7.59 -9.12 -7.29 -2.81 -19.11 0.99
L70I 1.06 -3.86 -4.28 -1.82 -0.29 -10.02 0.68
L70K 1.07 -6.67 -7.55 -5.47 -1.89 -15.92 0.99
L70M 0.97 -4.69 -5.27 -1.79 -0.57 -11.51 0.72
L70N 1.24 -8.59 -9.73 -6.37 -2.51 -16.08 1.00
L70P -0.22 -8.53 -9.79 -6.40 -2.83 -16.95 1.00
L70Q 0.17 -6.14 -6.93 -5.46 -1.62 -14.88 0.99
L70R 1.11 -6.45 -7.33 -5.46 -1.70 -16.23 0.98
L70S 1.05 -6.94 -7.77 -5.47 -1.63 -13.82 0.99
L70T 0.05 -5.62 -6.23 -4.55 -1.35 -16.09 0.95
L70V 0.97 -3.41 -3.91 -2.72 -0.37 -9.48 0.61
L70W 0.99 -8.75 -9.72 -5.49 -1.79 -16.81 1.00
L70Y 0.89 -7.29 -8.34 -4.56 -2.45 -16.46 1.00
T71A 1.05 -2.49 -2.42 -3.88 -0.14 -9.12 0.36
T71D -0.11 -4.00 -4.14 -4.29 -0.20 -13.93 0.84
T71F 0.04 -6.34 -6.81 -5.63 -0.72 -16.56 0.83
T71G 0.78 -3.30 -3.65 -5.06 -0.53 -11.84 0.37
T71I 1.02 -4.61 -4.88 -4.90 -0.22 -12.80 0.81
T71K 1.03 -3.93 -4.06 -4.49 -0.39 -12.62 0.84
T71M 1.20 -3.98 -4.02 -4.73 -0.32 -12.41 0.47
T71N 0.85 -1.90 -1.88 -3.11 -0.16 -4.53 0.41
T71P 1.06 -5.99 -6.73 -4.71 -0.76 -16.36 0.94
T71R 0.91 -5.33 -5.47 -4.49 -0.42 -13.35 0.82
T71S 0.63 -2.39 -2.47 -2.80 -0.08 -7.76 0.34
T71V 0.67 -3.61 -3.73 -4.11 -0.34 -11.66 0.55
T71Y -0.06 -6.18 -6.51 -5.51 -0.73 -13.98 0.87
M72E 0.25 -8.81 -9.59 -6.04 -2.73 -17.01 0.99
M72F 1.21 -6.11 -6.69 -4.05 -1.37 -13.35 0.89
M72G 0.01 -8.77 -9.42 -6.95 -3.36 -17.86 0.98
M72I 0.97 -4.38 -5.22 -2.99 -0.06 -15.32 0.97
M72K 0.61 -8.60 -8.94 -5.11 -1.24 -18.45 0.99
M72L 1.10 -1.49 -1.80 -1.91 -0.16 -6.43 0.29
M72N 1.05 -10.33 -11.63 -6.04 -3.91 -19.00 0.99
M72Q 1.19 -9.86 -10.78 -4.38 -3.09 -16.16 0.97
M72R 0.81 -7.88 -8.38 -5.13 -1.64 -16.89 0.99
M72T 1.06 -6.51 -7.15 -4.96 -0.38 -16.52 0.98
M72V 1.07 -3.51 -4.17 -3.15 -0.72 -13.54 0.57
M72W 0.99 -9.51 -10.68 -5.14 -2.66 -16.75 0.99
M73A 1.05 -5.51 -6.43 -5.51 -2.07 -17.66 0.98
M73E 0.80 -7.97 -8.75 -6.43 -3.19 -20.58 1.00
M73F 1.16 -6.76 -7.72 -4.59 -1.60 -12.53 0.95
M73I 0.95 -4.32 -5.10 -3.69 -0.30 -13.80 0.99
M73K 1.08 -8.10 -8.87 -5.50 -2.04 -16.23 0.99
M73L 0.91 -4.93 -5.56 -2.75 -0.42 -11.14 0.75
M73N 1.16 -8.68 -9.74 -6.44 -2.87 -14.76 0.99
M73P 0.67 -9.58 -10.81 -6.46 -5.18 -19.94 1.00
M73R 0.94 -8.19 -9.42 -5.51 -3.86 -15.57 0.99
M73S 0.12 -6.89 -8.06 -5.51 -2.37 -16.50 0.99
M73T 1.06 -5.32 -6.19 -5.52 -0.46 -16.26 0.99
M73V 1.04 -4.89 -5.54 -3.69 -0.09 -12.24 0.87
A74D 0.79 -6.57 -7.04 -5.38 -0.58 -17.46 0.98
A74E 0.21 -5.92 -6.51 -4.47 -0.47 -15.06 0.95
A74G 1.08 -3.73 -4.07 -3.58 -0.33 -12.28 0.44
A74H 0.65 -5.90 -6.62 -5.41 -1.59 -17.96 0.94
A74I 0.08 -6.33 -6.89 -4.57 -0.63 -15.99 0.96
A74N 1.02 -6.00 -6.52 -5.35 -0.80 -16.73 0.91
A74P 0.82 -8.38 -9.14 -4.53 -1.46 -16.46 1.00
A74Q 0.52 -5.46 -5.90 -4.45 -0.71 -16.25 0.85
A74R 0.67 -5.59 -5.90 -4.51 -0.59 -17.32 0.95
A74S 0.94 -2.84 -3.11 -2.56 -0.01 -9.54 0.23
A74T 0.96 -3.52 -3.80 -3.57 -0.05 -10.83 0.71
A74V 0.98 -3.92 -4.24 -3.67 -0.08 -10.47 0.82
R75A 0.95 -4.17 -4.55 -5.18 -0.57 -14.49 0.92
R75C 0.00 -7.69 -7.88 -7.00 -0.50 -13.04 0.86
R75E 1.12 -5.06 -5.30 -4.13 -0.90 -16.34 0.86
R75G 1.05 -4.71 -4.97 -6.10 -0.81 -12.89 0.78
R75I 1.01 -5.92 -6.12 -7.01 -0.84 -15.95 0.95
R75K 0.99 -1.56 -1.60 -2.15 -0.01 -11.35 0.28
R75L 1.20 -5.69 -5.89 -6.09 -0.51 -14.36 0.86
R75M 1.09 -5.73 -5.67 -5.18 -0.93 -15.46 0.94
R75N -0.02 -4.33 -4.53 -4.26 -0.41 -15.24 0.94
R75P 0.87 -6.18 -6.41 -6.01 -0.48 -16.42 0.99
R75S 0.93 -3.32 -3.55 -5.06 -0.55 -12.82 0.95
R75T 0.30 -4.12 -4.20 -5.18 -0.73 -12.29 0.91
R75W 0.71 -8.54 -9.39 -6.99 -0.74 -15.02 0.93
K76A 1.09 -5.70 -6.27 -5.29 -1.11 -16.40 0.95
K76C 1.20 -7.05 -7.70 -7.07 -1.76 -18.43 0.96
K76D 0.77 -6.14 -6.60 -5.24 -1.64 -21.83 0.98
K76E 1.04 -6.40 -6.83 -3.46 -0.43 -15.67 0.95
K76G 0.10 -6.36 -6.63 -6.16 -1.39 -12.82 0.93
K76H 0.87 -3.44 -3.72 -5.13 -0.77 -13.70 0.82
K76I 0.90 -5.21 -5.62 -7.09 -1.26 -18.60 0.97
K76L 0.32 -6.48 -6.77 -6.18 -1.14 -18.69 0.93
K76N 0.71 -4.30 -4.80 -4.26 -0.62 -14.75 0.97
K76P 1.16 -6.85 -7.73 -5.32 -1.81 -19.09 0.99
K76Q 0.08 -2.63 -3.06 -3.40 -0.75 -12.74 0.77
K76R 1.00 -1.30 -1.59 -2.56 -0.28 -10.54 0.33
K76S 0.76 -5.78 -5.98 -4.35 -0.78 -14.26 0.98
K76T 0.80 -4.42 -4.76 -5.23 -0.72 -15.58 0.92
K76V 0.78 -6.99 -7.23 -6.20 -1.61 -20.69 0.94
K76W 1.13 -7.39 -8.05 -7.07 -1.86 -18.71 0.99
K76Y 1.24 -6.70 -6.93 -6.14 -1.24 -20.63 0.96
M77A 1.28 -4.76 -5.42 -5.49 -0.36 -16.35 0.93
M77E 0.34 -6.83 -7.57 -6.45 -0.66 -20.25 0.96
M77G 0.90 -5.32 -6.13 -7.38 -0.99 -17.34 0.93
M77I 0.98 -3.49 -3.88 -3.60 -0.01 -10.19 0.90
M77K 0.69 -5.76 -6.66 -5.52 -0.62 -16.09 0.94
M77L 1.00 -2.96 -3.41 -2.67 -0.06 -11.01 0.41
M77P 0.79 -8.13 -8.64 -6.47 -1.35 -18.30 1.00
M77Q 1.30 -5.68 -6.28 -4.63 -0.76 -16.26 0.82
M77R 1.02 -6.14 -6.69 -5.54 -0.86 -16.16 0.94
M77S 1.16 -5.33 -5.84 -5.52 -0.39 -16.24 0.94
M77T 0.99 -3.99 -4.70 -5.49 -0.33 -14.16 0.93
M77V 0.98 -5.02 -5.85 -3.61 -0.03 -15.12 0.60
K78A 0.42 -4.48 -4.99 -5.30 -0.17 -11.72 0.75
K78C 1.06 -5.27 -5.81 -7.15 -1.08 -18.51 0.90
K78D 0.72 -5.36 -5.89 -5.31 -0.42 -17.47 0.89
K78E 1.02 -4.62 -5.15 -3.47 -0.13 -13.40 0.74
K78F -0.17 -6.90 -7.85 -7.19 -1.73 -20.04 0.98
K78G 0.97 -3.77 -4.07 -6.22 -0.71 -13.50 0.73
K78H 0.30 -4.17 -4.46 -5.24 -0.53 -15.72 0.61
K78I 1.00 -5.69 -6.71 -7.18 -0.75 -16.56 0.92
K78L 0.06 -5.69 -6.37 -6.26 -0.87 -18.61 0.84
K78M -0.24 -5.99 -6.89 -5.30 -0.93 -14.55 0.83
K78N 0.65 -2.57 -2.80 -4.34 -0.13 -12.45 0.88
K78Q 1.04 -3.09 -3.49 -3.35 -0.15 -12.57 0.41
K78R 1.02 -2.41 -2.74 -2.47 -0.10 -8.88 0.13
K78S 1.07 -3.68 -4.03 -4.39 -0.16 -13.18 0.86
K78T 0.91 -4.26 -4.71 -5.26 -0.27 -13.69 0.70
K78V -0.08 -4.28 -4.80 -6.29 -0.30 -13.50 0.80
K78W 0.05 -8.04 -8.73 -7.16 -2.05 -19.68 0.97
K78Y 0.91 -7.73 -8.33 -6.22 -1.68 -19.19 0.95
D79A 1.03 -4.11 -4.34 -6.92 -0.50 -12.97 0.71
D79C 1.15 -4.36 -4.23 -8.01 -0.96 -17.55 0.96
D79E 0.93 -2.11 -2.03 -3.32 -0.02 -8.85 0.28
D79F 0.86 -6.80 -7.31 -7.99 -1.32 -16.95 0.95
D79G 0.99 -3.17 -3.41 -6.00 -0.34 -9.56 0.60
D79H 0.83 -4.94 -5.20 -6.07 -1.09 -12.76 0.89
D79I 0.66 -6.13 -6.68 -8.01 -0.94 -17.14 0.91
D79K 0.81 -4.76 -4.90 -6.02 -0.71 -14.47 0.91
D79L 0.87 -6.08 -6.47 -8.85 -1.36 -17.79 0.89
D79N 0.91 -3.31 -3.50 -4.26 -0.06 -10.49 0.55
D79P 0.85 -4.26 -4.54 -6.16 -0.81 -17.75 0.94
D79Q 0.73 -4.48 -4.81 -5.08 -0.17 -14.57 0.84
D79R 0.97 -5.34 -5.61 -6.89 -0.98 -16.59 0.93
D79S 0.51 -3.83 -4.05 -5.15 -0.38 -13.18 0.66
D79T 0.26 -4.27 -4.51 -6.12 -0.36 -15.35 0.76
D79V 0.83 -5.33 -5.74 -7.94 -0.45 -12.35 0.78
D79W 1.08 -7.34 -7.85 -8.81 -2.17 -19.68 0.99
D79Y 0.94 -6.39 -6.72 -7.91 -0.59 -14.40 0.82
T80A 1.06 -2.56 -2.71 -3.97 -0.03 -10.47 0.22
T80C 0.54 -4.37 -4.57 -5.06 -0.26 -16.32 0.73
T80D 0.71 -3.90 -4.13 -5.00 0.01 -18.68 0.67
T80E 0.88 -3.59 -3.63 -4.93 -0.14 -18.16 0.65
T80F 0.44 -5.51 -6.01 -6.01 -0.90 -18.21 0.83
T80G 0.93 -3.45 -3.35 -5.77 -0.22 -11.68 0.33
T80I 1.17 -3.69 -3.97 -5.18 -0.24 -14.10 0.71
T80K 0.87 -3.86 -4.33 -4.88 -0.15 -14.64 0.73
T80L 1.02 -5.77 -6.17 -5.15 -0.27 -17.01 0.52
T80M 1.02 -4.55 -4.98 -5.04 -0.16 -14.11 0.43
T80N 0.35 -2.94 -3.21 -4.03 -0.01 -12.27 0.35
T80P 1.00 -3.78 -4.28 -5.04 -0.35 -14.86 0.58
T80R 0.80 -3.83 -4.25 -4.90 -0.10 -15.97 0.71
T80S 0.93 -2.54 -2.67 -2.96 -0.05 -10.92 0.22
T80V 0.61 -2.92 -3.24 -4.35 -0.08 -14.28 0.46
T80W 0.49 -5.99 -6.63 -6.09 -0.84 -21.51 0.95
T80Y 0.40 -4.87 -5.63 -5.96 -0.53 -20.04 0.85
D81A 1.11 -3.85 -4.33 -7.43 -0.99 -13.34 0.86
D81C 0.92 -6.74 -7.39 -8.42 -1.82 -14.74 0.99
D81E 1.18 -2.86 -3.35 -3.64 -0.11 -10.30 0.83
D81G 1.01 -2.52 -3.02 -6.50 -0.79 -11.89 0.82
D81N 0.90 -2.36 -2.83 -4.62 -0.39 -10.84 0.79
D81S -0.16 -3.26 -3.70 -5.55 -0.65 -14.05 0.79
D81V 1.14 -4.96 -5.69 -8.39 -0.49 -12.41 0.93
D81Y 0.74 -5.73 -6.67 -8.37 -1.19 -12.45 0.93
S82A 1.15 -2.04 -2.18 -2.67 -0.21 -9.85 0.23
S82C 1.17 -4.37 -4.77 -4.50 -0.38 -13.84 0.48
S82D -0.16 -2.12 -2.32 -3.58 -0.33 -15.80 0.76
S82G 1.07 -2.59 -2.65 -3.65 -0.39 -10.31 0.25
S82I 0.82 -4.29 -4.61 -5.38 -0.30 -13.39 0.82
S82K 0.68 -4.66 -4.84 -3.59 -0.42 -11.18 0.95
S82N 1.09 -2.68 -2.95 -2.61 -0.08 -9.15 0.50
S82R 1.00 -3.56 -3.75 -4.45 -0.10 -15.05 0.94
S82T 0.49 -1.04 -1.20 -2.45 -0.02 -5.48 0.14
E83A 0.75 -3.03 -3.57 -5.58 -0.56 -11.07 0.57
E83D 0.72 -2.50 -3.02 -2.73 -0.10 -9.36 0.35
E83G 1.00 -6.27 -7.14 -6.50 -0.99 -13.47 0.70
E83H 1.04 -6.29 -6.76 -4.62 -0.55 -12.91 0.94
E83I 0.07 -6.78 -7.54 -7.45 -1.20 -16.20 0.88
E83K 0.93 -4.37 -4.99 -3.71 -0.68 -13.92 0.77
E83L 0.98 -6.71 -7.15 -7.46 -0.96 -15.98 0.86
E83M 0.71 -6.39 -7.07 -6.51 -1.25 -16.03 0.91
E83N -0.09 -6.03 -6.68 -4.60 -0.21 -14.50 0.81
E83Q 0.39 -3.97 -4.42 -2.78 -0.29 -10.82 0.59
E83R 0.03 -4.91 -5.61 -4.65 -0.99 -16.70 0.82
E83T 0.09 -4.51 -5.04 -5.56 -0.74 -14.55 0.72
E83V 1.04 -4.82 -5.66 -6.52 -1.05 -13.75 0.71
E83W 0.96 -8.81 -10.53 -7.45 -1.88 -18.93 0.99
E83Y 0.39 -7.58 -8.34 -6.48 -1.31 -16.23 0.97
E84A 1.21 -2.33 -2.76 -5.48 -0.63 -12.70 0.46
E84D 1.05 -1.23 -1.60 -2.72 -0.04 -6.65 0.17
E84F 0.83 -9.98 -11.04 -7.36 -2.20 -19.91 0.97
E84G 1.02 -4.81 -5.25 -6.42 -0.97 -12.87 0.55
E84I 1.20 -7.27 -8.05 -7.37 -2.18 -18.45 0.89
E84K 0.87 -3.41 -3.89 -3.69 -0.66 -11.92 0.81
E84L 0.84 -7.22 -7.95 -7.38 -1.13 -18.22 0.85
E84N 0.97 -4.43 -5.02 -4.59 -0.51 -13.54 0.69
E84Q 0.84 -3.74 -4.13 -2.75 -0.13 -12.30 0.61
E84R 0.96 -4.86 -5.35 -4.60 -1.05 -16.61 0.86
E84V 1.03 -5.53 -6.03 -6.45 -0.83 -14.60 0.73
E84Y 0.86 -7.48 -8.24 -6.42 -1.58 -17.06 0.95
E85A 0.80 -4.24 -4.61 -5.52 -1.45 -15.83 0.90
E85C 0.77 -8.44 -9.21 -8.30 -2.91 -21.42 1.00
E85D 0.71 -1.86 -2.38 -2.72 -0.30 -12.21 0.78
E85F 0.24 -8.52 -9.33 -7.38 -2.96 -20.96 1.00
E85G 0.94 -6.22 -6.99 -6.41 -1.58 -14.81 0.91
E85H 0.47 -5.86 -6.51 -4.60 -2.55 -18.58 0.99
E85I 1.12 -7.71 -8.64 -7.40 -1.78 -17.49 0.99
E85K 0.48 -5.69 -6.22 -3.67 -0.67 -15.97 0.98
E85L 0.57 -6.51 -7.11 -7.38 -1.95 -19.51 0.99
E85M 1.16 -5.02 -5.90 -6.42 -1.61 -19.39 0.99
E85N 0.91 -5.67 -6.30 -4.57 -1.15 -17.97 0.97
E85Q 0.54 -3.73 -4.47 -2.69 -0.63 -14.34 0.91
E85R 1.03 -5.73 -6.38 -4.59 -1.46 -20.77 0.98
E85S -0.16 -5.91 -6.61 -4.58 -1.12 -17.44 0.96
E85T 0.97 -5.20 -5.82 -5.52 -2.20 -17.89 0.97
E85V 0.84 -5.20 -5.82 -6.47 -1.51 -12.92 0.96
E85Y 0.93 -7.31 -8.59 -6.45 -2.65 -18.50 0.99
I86A 0.83 -6.92 -7.26 -4.24 -2.42 -16.67 0.97
I86F 0.84 -3.88 -4.25 -3.34 -0.84 -14.14 0.87
I86G 1.12 -7.01 -7.55 -7.02 -3.66 -19.99 0.99
I86L 1.26 -0.81 -0.52 -1.14 -0.11 -4.92 0.24
I86N 0.84 -6.09 -6.36 -6.10 -3.08 -18.45 0.98
I86R 0.31 -6.68 -7.42 -5.92 -3.24 -17.98 0.99
I86S 0.73 -6.01 -6.48 -5.16 -1.22 -17.64 0.99
I86T 1.02 -3.64 -3.94 -4.23 -1.18 -14.26 0.98
I86V 0.96 -2.94 -3.20 -0.91 -0.30 -11.07 0.46
R87C 0.99 -4.59 -5.11 -6.70 -0.34 -13.08 0.60
R87F 1.03 -5.23 -5.80 -6.69 -0.91 -14.05 0.92
R87G 0.61 -5.88 -6.49 -5.85 -1.69 -14.92 0.85
R87H 0.93 -4.64 -5.47 -4.18 -0.31 -11.46 0.49
R87K 0.76 -1.33 -1.61 -1.70 -0.03 -4.02 0.15
R87L 0.85 -2.47 -2.86 -5.72 -0.15 -8.08 0.62
R87N 0.81 -4.57 -4.94 -4.03 -0.50 -13.27 0.96
R87P 0.85 -6.65 -7.73 -5.67 -2.08 -19.16 0.99
R87Q 0.82 -3.32 -3.61 -3.09 -0.41 -8.48 0.29
R87S 0.74 -4.28 -4.59 -4.71 -0.48 -12.74 0.94
R87T 0.41 -3.83 -4.14 -4.88 -0.54 -12.39 0.79
R87V 1.19 -3.03 -3.55 -6.47 -0.13 -12.42 0.66
R87W 1.19 -6.77 -7.82 -6.74 -1.48 -14.13 0.83
R87Y 0.93 -5.56 -6.08 -5.79 -1.01 -14.08 0.88
E88A 0.75 -3.31 -3.87 -5.53 -0.67 -13.12 0.80
E88D 0.97 -2.56 -2.85 -2.69 -0.10 -10.14 0.74
E88F 0.39 -9.35 -10.07 -7.38 -2.25 -18.84 0.99
E88G 0.95 -5.30 -5.48 -6.43 -1.60 -14.36 0.84
E88H 0.31 -5.48 -5.89 -4.61 -1.32 -15.78 0.98
E88K 0.96 -3.87 -4.23 -3.69 -0.29 -13.02 0.98
E88Q 0.97 -3.33 -3.74 -2.76 -0.39 -12.52 0.84
E88R 0.20 -3.94 -4.43 -4.62 -0.91 -18.61 0.96
E88V 0.92 -6.32 -6.83 -6.46 -1.47 -14.20 0.96
A89C 0.52 -4.58 -5.64 -3.70 -2.15 -15.82 0.96
A89D -0.37 -6.73 -7.81 -5.55 -3.98 -19.73 1.00
A89E 0.10 -7.27 -8.28 -4.62 -2.80 -18.65 1.00
A89I 0.91 -6.31 -7.25 -4.60 -2.31 -17.45 0.99
A89L 0.39 -6.32 -7.15 -4.61 -2.83 -17.21 0.97
A89S 1.06 -3.06 -3.97 -2.77 -0.12 -13.83 0.73
A89T 0.71 -3.66 -4.45 -3.67 -1.07 -15.59 0.96
A89V 0.90 -3.12 -3.92 -3.67 -1.26 -14.33 0.98
F90C 0.57 -7.27 -8.29 -7.30 -3.62 -15.93 0.99
F90I 0.76 -6.14 -6.99 -5.48 -4.65 -17.51 0.99
F90L 0.75 -4.10 -5.18 -5.48 -1.58 -13.67 1.00
F90R 0.11 -8.22 -9.49 -8.22 -7.17 -18.25 1.00
F90S 0.28 -6.51 -7.68 -7.26 -4.03 -16.60 1.00
F90V 0.14 -6.08 -7.04 -6.40 -3.15 -16.48 0.99
F90Y 0.98 -4.52 -5.52 -2.74 -1.74 -14.71 0.91
R91C 0.22 -2.77 -3.18 -6.01 -0.25 -12.09 0.76
R91G 0.22 -4.26 -4.71 -5.21 -0.56 -12.71 0.83
R91I 0.16 -6.47 -7.03 -6.07 -1.47 -14.75 0.93
R91L 0.94 -4.73 -5.30 -5.18 -0.39 -12.86 0.78
R91P 0.53 -5.73 -6.48 -4.84 -1.56 -15.69 1.00
R91Q 0.89 -2.32 -2.52 -2.50 -0.19 -10.70 0.45
R91W 0.35 -5.93 -6.64 -6.08 -0.93 -15.47 0.93
V92A 1.00 -4.35 -4.86 -3.60 -0.58 -13.58 0.97
V92D 0.49 -9.00 -9.73 -6.32 -2.08 -14.82 0.99
V92F 1.07 -6.46 -7.24 -4.51 -1.80 -15.36 0.95
V92G 0.86 -8.10 -8.63 -6.32 -1.62 -15.37 0.93
V92I 0.98 -3.52 -3.99 -0.90 -0.39 -10.52 0.63
V92L 1.05 -3.66 -4.04 -2.69 -0.76 -11.98 0.97
F93C 0.43 -9.97 -11.55 -7.23 -3.94 -18.58 1.00
F93H 0.93 -7.67 -8.93 -6.32 -3.29 -20.47 1.00
F93I 0.34 -6.56 -7.62 -5.42 -1.96 -17.69 1.00
F93L 0.99 -4.53 -5.52 -5.42 -0.55 -17.45 1.00
F93S 0.16 -8.36 -9.21 -7.21 -3.18 -16.95 1.00
F93V 0.95 -8.28 -9.60 -6.32 -2.33 -19.74 0.99
F93Y 0.95 -4.81 -5.43 -2.71 -1.54 -14.57 0.96
D94A 0.65 -6.90 -7.79 -7.15 -1.98 -16.30 1.00
D94C 0.91 -9.59 -10.95 -8.02 -5.55 -15.15 1.00
D94F 0.31 -9.80 -11.20 -8.05 -6.08 -18.20 1.00
D94G 0.91 -6.11 -6.71 -6.27 -2.92 -14.33 0.99
D94H 0.89 -8.87 -9.93 -6.27 -5.26 -15.84 1.00
D94L 0.89 -9.05 -10.24 -8.95 -6.87 -20.08 1.00
D94N 0.97 -5.56 -6.66 -4.48 -0.84 -13.85 0.99
D94R 0.08 -7.76 -8.83 -7.16 -5.63 -18.51 1.00
D94S -0.09 -6.82 -7.52 -5.36 -4.87 -16.18 0.99
D94V 0.68 -8.52 -9.90 -8.05 -4.82 -14.50 1.00
D94W 0.25 -10.35 -11.12 -8.95 -5.89 -20.82 1.00
D94Y 0.75 -7.50 -8.08 -8.05 -2.07 -15.45 1.00
K95D 0.08 -5.24 -5.93 -4.78 -1.24 -21.59 0.98
K95E 0.94 -4.48 -4.96 -2.97 -0.59 -16.83 0.94
K95G 0.49 -6.09 -6.52 -5.41 -1.54 -16.40 0.94
K95H 1.13 -6.19 -7.04 -4.13 -1.79 -17.43 0.92
K95I 0.31 -6.18 -6.62 -6.30 -0.90 -18.76 0.97
K95M 0.36 -4.84 -5.42 -4.49 -0.66 -14.06 0.95
K95N 0.54 -6.58 -7.21 -3.59 -0.51 -14.58 0.98
K95Q 1.04 -3.64 -4.02 -2.66 -0.36 -14.21 0.81
K95R 1.06 -1.42 -1.63 -0.95 -0.18 -9.77 0.18
K95S 1.19 -5.23 -5.63 -3.89 -0.74 -15.68 0.98
K95T 0.55 -3.88 -4.24 -4.50 -0.84 -15.36 0.89
K95V 0.40 -5.28 -5.82 -5.69 -0.99 -19.18 0.93
D96A -0.01 -4.81 -5.83 -7.21 -1.46 -15.22 0.97
D96E 0.88 -1.65 -2.54 -3.59 -0.10 -7.50 0.95
D96G 1.00 -4.38 -5.56 -6.29 -1.59 -14.42 0.92
D96H 0.57 -5.47 -6.21 -6.27 -3.23 -15.45 0.99
D96I 0.25 -10.45 -12.31 -8.12 -5.41 -19.87 1.00
D96N 1.03 -2.33 -2.99 -4.40 -0.55 -12.12 0.75
D96S 0.50 -4.68 -5.81 -5.37 -2.54 -16.97 0.93
D96V 0.86 -6.90 -7.94 -8.12 -1.90 -16.21 0.98
D96W 0.57 -9.93 -11.64 -9.03 -6.59 -20.52 1.00
D96Y 0.46 -6.04 -7.00 -8.11 -2.29 -14.61 0.98
G97A 1.09 -4.25 -4.72 -3.71 -1.00 -9.12 0.54
G97C 0.89 -6.04 -6.75 -5.82 -0.51 -10.84 0.65
G97D 0.99 -4.50 -5.09 -3.37 -0.67 -12.50 0.86
G97E 1.03 -3.47 -3.98 -3.99 -0.38 -7.95 0.88
G97F 0.34 -9.62 -11.32 -5.83 -2.69 -15.56 0.97
G97K 1.22 -3.05 -3.59 -4.09 -0.48 -13.31 0.92
G97N 0.90 -2.46 -2.97 -1.53 -0.28 -4.28 0.51
G97P -0.27 -6.55 -7.06 -4.81 -2.88 -14.27 1.00
G97R 1.10 -2.97 -3.60 -4.09 -0.36 -12.09 0.88
G97S 0.94 -4.15 -4.82 -2.82 -0.55 -6.89 0.33
G97V 0.76 -7.81 -8.73 -5.73 -2.24 -13.04 0.93
G97W -0.11 -9.00 -9.55 -5.44 -3.39 -16.43 0.98
N98D 0.93 -1.95 -2.06 -4.18 -0.11 -8.28 0.34
N98F 0.94 -8.56 -9.24 -7.94 -4.59 -18.84 0.98
N98G 0.98 -5.61 -6.29 -5.29 -2.52 -10.28 0.68
N98H 0.92 -5.13 -5.45 -4.40 -2.60 -16.44 0.84
N98I 0.83 -7.88 -8.61 -7.95 -3.50 -17.38 0.96
N98K 1.07 -3.24 -3.73 -5.28 -0.66 -15.18 0.98
N98M 1.18 -6.18 -6.56 -7.08 -2.85 -19.43 0.94
N98S 0.90 -2.81 -2.98 -4.38 -0.20 -10.35 0.21
N98T 0.65 -3.36 -3.82 -5.28 -0.94 -13.76 0.51
N98Y 0.89 -6.82 -6.87 -7.06 -3.27 -18.57 0.89
G99A 0.58 -5.62 -6.54 -5.22 -4.21 -14.42 0.96
G99C 0.99 -8.76 -9.96 -7.89 -5.54 -14.23 0.99
G99D 1.03 -4.99 -6.04 -6.15 -1.89 -12.13 0.99
G99F 0.62 -7.63 -8.39 -7.91 -8.16 -18.06 1.00
G99L 0.14 -8.30 -9.67 -8.77 -5.83 -19.68 0.99
G99N 0.76 -5.01 -6.19 -5.26 -3.33 -13.73 0.97
G99P -0.08 -7.98 -9.39 -7.03 -7.33 -21.31 1.00
G99Q 0.09 -7.01 -8.26 -7.02 -4.46 -17.20 0.99
G99R 0.90 -6.05 -7.67 -7.03 -5.09 -13.72 0.99
G99S 1.11 -6.40 -7.65 -5.22 -2.56 -12.14 0.90
G99T 0.50 -8.00 -8.71 -6.99 -5.23 -16.92 0.98
G99V 0.85 -6.58 -6.69 -7.87 -3.88 -14.43 1.00
G99W 0.79 -8.28 -8.91 -7.06 -6.83 -15.83 1.00
G99Y 0.90 -9.89 -10.69 -7.91 -7.98 -17.55 1.00
Y100A 0.71 -4.68 -5.17 -5.34 -0.75 -10.19 0.71
Y100C 0.92 -3.88 -4.24 -5.30 -0.28 -6.74 0.26
Y100D 1.03 -6.96 -7.90 -6.28 -0.53 -11.79 0.80
Y100F 0.83 0.15 0.09 0.41 -0.02 -1.84 0.05
Y100H 1.05 -2.97 -3.35 -3.67 -0.27 -8.37 0.57
Y100I 0.74 -4.64 -5.14 -3.91 -0.40 -11.64 0.59
Y100L 0.61 -1.25 -1.59 -3.87 -0.25 -7.69 0.60
Y100N 1.02 -4.77 -5.12 -5.93 -1.12 -10.91 0.52
Y100P -0.00 -5.97 -7.01 -6.78 -3.05 -12.21 1.00
Y100Q 1.30 -3.65 -4.05 -5.61 -0.45 -10.17 0.78
Y100R 0.89 -3.66 -4.07 -5.91 -0.22 -11.13 0.81
Y100S 0.74 -2.13 -2.44 -5.36 -0.21 -8.18 0.52
Y100T 0.16 -2.01 -2.35 -5.32 -0.30 -8.73 0.58
Y100V 0.40 -1.99 -2.28 -4.46 -0.48 -9.84 0.42
I101A 0.97 -7.68 -9.34 -4.28 -4.86 -18.85 0.99
I101C 1.16 -6.93 -9.08 -4.31 -3.92 -16.16 0.99
I101F 1.09 -4.58 -5.89 -3.47 -2.27 -8.69 0.99
I101L 0.98 -3.40 -4.51 -1.74 -0.72 -13.27 0.84
I101P 0.01 -8.85 -10.08 -6.02 -8.14 -18.87 1.00
I101R -0.11 -8.39 -9.63 -6.05 -6.02 -19.55 1.00
I101S 0.44 -8.64 -9.85 -5.17 -3.61 -16.71 1.00
I101T 0.83 -5.79 -8.71 -4.25 -2.61 -17.25 1.00
I101V 1.01 -2.49 -3.65 -0.81 -0.13 -8.94 0.50
S102C 1.12 -3.88 -4.84 -4.30 -0.52 -15.14 0.74
S102D 0.79 -3.23 -3.67 -3.44 -0.75 -17.11 0.92
S102F 0.49 -6.53 -7.46 -5.17 -1.44 -16.62 0.98
S102G 0.96 -3.98 -4.73 -3.44 -0.93 -12.42 0.62
S102H 0.88 -8.50 -9.71 -4.30 -1.93 -17.18 0.95
S102I 0.64 -7.15 -7.97 -5.17 -2.09 -17.20 0.98
S102L 0.85 -6.43 -7.28 -5.16 -2.34 -14.96 0.94
S102M 0.53 -6.08 -7.44 -4.30 -2.57 -17.54 0.93
S102N 1.06 -2.71 -3.34 -2.58 -0.40 -12.33 0.83
S102P 0.76 -4.05 -4.81 -4.30 -1.97 -13.20 0.98
S102R 0.96 -5.89 -6.75 -4.28 -1.31 -15.80 0.99
S102T 0.68 -1.89 -2.11 -2.58 -0.37 -11.21 0.46
S102V 0.20 -6.91 -8.36 -5.17 -2.35 -17.45 0.96
S102W 1.31 -8.37 -9.28 -6.03 -4.22 -18.94 0.99
A103C -0.48 -6.24 -7.08 -3.35 -0.28 -12.47 0.89
A103D 0.97 -6.89 -7.54 -5.03 -0.68 -13.54 0.99
A103F 0.22 -6.75 -7.56 -5.06 -0.41 -13.56 0.94
A103G 0.91 -4.07 -4.68 -3.39 -0.19 -9.48 0.65
A103I 0.93 -5.05 -5.42 -4.21 -0.25 -17.24 0.96
A103K 0.93 -4.06 -4.37 -4.19 -0.11 -14.76 0.99
A103M 1.19 -5.94 -6.61 -4.20 -0.64 -18.64 0.92
A103N 1.12 -6.48 -7.23 -5.02 -0.54 -12.57 0.95
A103P 0.77 -3.40 -3.74 -4.17 -0.37 -10.84 0.86
A103R 1.06 -4.67 -4.95 -4.20 -0.32 -15.27 0.95
A103S 0.92 -3.00 -3.51 -2.48 -0.00 -8.63 0.38
A103T 1.02 -2.33 -2.70 -3.26 -0.17 -11.22 0.74
A103V 0.85 -2.30 -2.65 -3.35 -0.07 -12.90 0.83
A103Y 0.02 -7.22 -7.78 -5.06 -0.73 -13.91 0.97
A104D 0.12 -2.39 -2.41 -4.87 -0.11 -14.62 0.92
A104G 1.00 -3.58 -3.89 -3.31 -0.37 -10.82 0.52
A104I 0.10 -4.98 -5.71 -4.17 -0.65 -14.75 0.93
A104K 0.24 -4.10 -4.26 -4.08 -0.33 -14.05 0.95
A104L 0.63 -5.19 -5.53 -4.17 -0.86 -12.11 0.73
A104P 1.05 -5.42 -5.61 -4.12 -0.60 -12.89 0.88
A104R 0.89 -5.53 -5.86 -4.11 -0.27 -15.43 0.91
A104S 0.95 -2.47 -2.65 -2.37 -0.04 -9.07 0.30
A104T 0.87 -2.48 -2.80 -3.22 -0.00 -10.31 0.55
A104V 0.93 -3.28 -3.58 -3.33 -0.31 -12.01 0.76
E105A 1.09 -7.00 -8.08 -4.87 -1.40 -14.84 0.98
E105D 0.98 -3.58 -4.42 -2.44 -0.44 -11.42 0.95
E105G 0.99 -7.93 -9.24 -5.72 -2.12 -13.96 0.98
E105K 0.62 -6.53 -8.33 -3.21 -1.50 -12.93 0.99
E105S 0.08 -7.58 -8.35 -4.02 -1.69 -19.08 0.98
E105V 1.06 -6.71 -7.96 -5.72 -3.66 -14.53 0.99
L106H 0.87 -8.83 -10.16 -5.82 -3.52 -16.48 1.00
L106I 1.14 -4.20 -5.20 -1.65 -0.91 -10.60 0.89
L106K 0.34 -8.21 -9.10 -4.98 -7.69 -18.49 1.00
L106P 0.07 -7.07 -8.05 -5.81 -2.66 -14.06 1.00
L106Q 0.40 -8.65 -9.86 -4.98 -4.04 -18.03 1.00
L106R -0.12 -7.28 -8.59 -4.99 -4.13 -17.30 1.00
L106S 0.41 -8.22 -8.98 -4.96 -4.43 -16.15 1.00
L106T 0.42 -8.49 -10.03 -4.13 -4.63 -17.83 0.99
R107C 0.95 -5.58 -6.19 -5.88 -0.39 -13.09 0.97
R107F 0.37 -7.17 -8.20 -6.25 -1.41 -16.15 1.00
R107G 1.07 -5.05 -6.00 -5.50 -0.99 -12.15 0.98
R107H 0.99 -4.02 -4.54 -3.87 -0.41 -11.38 0.95
R107L 1.04 -6.42 -6.99 -5.44 -0.39 -12.41 0.98
R107P 0.25 -10.47 -11.88 -5.49 -2.06 -13.74 1.00
R107Q 0.53 -4.12 -4.74 -3.13 -0.43 -12.21 0.95
R107S 0.35 -5.77 -6.68 -4.64 -0.66 -14.20 1.00
R107V 0.54 -7.55 -8.30 -6.22 -1.47 -15.87 0.99
H108A 0.98 -4.63 -4.81 -8.00 -0.36 -13.65 0.97
H108C 0.36 -6.58 -7.04 -8.81 -0.70 -16.55 0.83
H108D 1.11 -5.50 -5.57 -7.19 -0.12 -14.74 0.98
H108F 1.11 -4.38 -4.86 -7.20 -0.53 -15.58 0.77
H108I 1.04 -6.61 -6.85 -8.79 -0.33 -16.86 0.98
H108L 1.00 -5.90 -6.39 -8.79 -0.55 -15.21 0.88
H108N 1.03 -5.13 -5.23 -5.60 -0.05 -12.67 0.90
H108P 0.86 -9.43 -10.33 -8.01 -0.76 -14.75 0.99
H108Q 0.99 -3.27 -3.32 -6.38 0.01 -11.68 0.96
H108R 1.01 -4.46 -4.72 -6.40 -0.05 -13.43 0.96
H108S 0.98 -5.75 -6.04 -7.19 -0.52 -13.74 0.95
H108Y 1.03 -3.07 -3.11 -4.79 -0.04 -10.58 0.73
V109A 0.99 -3.51 -3.93 -3.15 -0.87 -12.96 0.96
V109D 0.11 -7.38 -8.61 -5.53 -3.08 -20.54 1.00
V109E 0.04 -5.02 -5.56 -4.74 -3.82 -18.55 0.99
V109F 1.03 -4.79 -5.37 -3.92 -2.04 -15.81 0.95
V109G 0.58 -4.60 -5.60 -5.54 -2.05 -19.92 0.95
V109I 0.91 -1.84 -2.32 -0.76 -0.15 -11.59 0.46
V109M 0.93 -4.51 -5.14 -2.33 -0.08 -14.86 0.97
V109T 0.92 -4.30 -5.16 -3.15 -1.64 -16.45 0.94
M110A 1.01 -5.63 -6.72 -4.62 -1.66 -17.31 0.99
M110F -0.18 -6.71 -7.45 -3.86 -1.76 -15.85 0.94
M110G 0.54 -7.71 -8.88 -6.19 -3.93 -19.26 0.99
M110I 0.86 -5.33 -6.36 -3.07 -0.74 -12.36 1.00
M110K 0.64 -7.25 -7.88 -4.63 -3.34 -16.07 1.00
M110L 0.99 -2.90 -3.32 -2.28 -0.36 -8.62 0.71
M110R 0.23 -7.35 -8.92 -4.63 -3.49 -16.73 1.00
M110S 0.28 -8.31 -9.83 -4.62 -2.05 -16.34 0.99
M110T 0.93 -6.17 -6.84 -4.58 -0.56 -16.33 0.99
M110V 0.92 -4.81 -5.55 -3.07 -1.39 -15.29 0.92
T111A 1.00 -3.00 -3.19 -3.64 -0.08 -9.75 0.68
T111C 0.75 -4.38 -4.85 -4.33 -0.15 -14.87 0.86
T111E 1.13 -4.46 -4.69 -4.43 -0.34 -18.25 0.95
T111F 0.66 -7.03 -7.66 -5.14 -0.73 -17.16 0.96
T111G 0.58 -4.12 -4.57 -5.20 -0.82 -16.66 0.65
T111I 1.01 -2.27 -2.37 -4.33 -0.23 -10.65 0.94
T111K 0.58 -4.24 -4.28 -4.41 -0.24 -14.25 0.95
T111L 0.93 -2.96 -3.15 -4.36 -0.23 -14.44 0.77
T111M 0.37 -2.87 -3.23 -4.36 -0.15 -9.81 0.80
T111P 0.75 -6.88 -7.62 -4.44 -1.47 -17.30 0.97
T111S 0.79 -3.71 -3.84 -2.92 -0.11 -13.21 0.78
T111V -0.02 -3.46 -3.98 -3.60 -0.23 -9.55 0.74
T111W 0.20 -8.36 -9.32 -5.20 -1.05 -20.16 0.99
N112D 1.08 -4.30 -4.61 -2.99 -0.18 -14.00 0.92
N112G 1.22 -4.04 -4.85 -3.57 -1.74 -12.13 0.79
N112H 0.81 -4.26 -4.74 -3.11 -0.59 -9.75 0.71
N112I 0.95 -6.30 -6.91 -5.53 -0.80 -14.46 0.95
N112K 0.71 -4.81 -5.08 -3.43 -0.45 -11.65 0.98
N112R 1.28 -5.35 -6.00 -3.54 -0.46 -13.07 0.95
N112S 1.04 -2.14 -2.47 -2.30 -0.11 -7.50 0.24
N112T 0.99 -2.25 -2.67 -3.28 -0.09 -11.83 0.54
N112Y 0.88 -7.78 -8.57 -4.97 -1.11 -13.88 0.87
L113A 0.14 -5.29 -6.09 -3.41 -2.33 -15.81 0.96
L113C 0.99 -6.05 -7.38 -3.43 -2.57 -15.22 0.99
L113E 0.38 -5.25 -6.30 -4.88 -2.20 -17.26 0.99
L113F 0.99 -3.86 -4.65 -2.69 -1.05 -12.68 0.96
L113G -0.18 -4.84 -5.91 -5.63 -3.06 -18.78 0.99
L113H 0.19 -4.78 -5.60 -4.88 -2.55 -16.06 0.99
L113I 0.93 -2.01 -2.63 -0.95 -0.48 -11.71 0.72
L113K 0.38 -4.98 -5.83 -4.28 -3.19 -16.58 0.99
L113M 0.12 -2.10 -2.72 -1.34 -1.03 -11.17 0.74
L113N 0.32 -5.94 -6.43 -4.89 -2.31 -17.69 0.99
L113P 0.47 -5.07 -5.70 -4.86 -3.51 -14.10 1.00
L113Q 0.21 -4.99 -5.58 -4.28 -1.65 -16.25 0.99
L113R 0.08 -4.32 -5.49 -4.28 -1.13 -16.51 0.99
L113S 0.81 -4.22 -5.01 -4.15 -1.11 -16.04 0.99
L113V 0.59 -2.81 -3.49 -1.69 -0.64 -12.74 0.84
L113W 0.18 -5.94 -8.19 -4.29 -2.08 -16.79 0.99
L113Y 0.43 -3.60 -4.60 -3.41 -2.22 -17.56 0.99
G114A 0.59 -5.37 -6.43 -4.39 -2.73 -10.68 0.99
G114C 0.36 -6.42 -6.99 -6.60 -2.82 -14.47 1.00
G114D 0.31 -4.93 -5.60 -5.11 -1.57 -11.52 1.00
G114E 0.51 -5.18 -6.19 -5.83 -1.28 -12.93 1.00
G114F 0.37 -7.78 -9.01 -6.59 -4.96 -18.35 1.00
G114K 0.36 -6.43 -7.46 -5.82 -3.00 -15.42 1.00
G114L 0.69 -7.79 -8.40 -7.32 -3.14 -20.64 1.00
G114Q 0.21 -7.29 -8.08 -5.83 -3.18 -16.37 1.00
G114R 0.61 -6.62 -7.64 -5.80 -1.30 -13.59 1.00
G114T 0.47 -8.14 -9.07 -5.85 -3.38 -17.02 1.00
G114V 0.59 -6.92 -7.87 -6.59 -2.86 -14.39 1.00
G114W 0.68 -7.26 -7.09 -5.86 -3.57 -16.55 1.00
G114Y 0.50 -6.71 -7.51 -6.58 -3.98 -18.38 1.00
E115A 0.68 -6.52 -7.36 -4.35 -1.77 -15.95 0.98
E115D 0.92 -3.70 -4.53 -2.18 -0.73 -11.74 0.94
E115G 0.91 -6.28 -7.16 -5.07 -1.17 -15.52 0.96
E115H 1.01 -6.85 -7.88 -3.63 -1.95 -17.74 1.00
E115I -0.05 -8.64 -9.35 -5.81 -1.94 -20.03 1.00
E115K 0.96 -6.24 -6.90 -2.90 -1.21 -13.61 0.99
E115L -0.24 -8.06 -8.65 -5.81 -1.71 -19.14 0.99
E115M 1.11 -7.16 -7.79 -5.08 -1.19 -18.48 1.00
E115N 0.71 -6.97 -7.61 -3.63 -1.19 -16.01 0.99
E115P 1.12 -8.40 -9.14 -4.36 -2.83 -17.69 1.00
E115Q 0.70 -4.15 -4.80 -2.17 -0.71 -13.31 0.95
E115S 0.58 -7.19 -7.89 -3.62 -1.91 -17.04 0.99
E115T 0.41 -7.31 -7.84 -4.35 -2.07 -15.71 0.99
E115V 0.92 -6.34 -7.11 -5.08 -1.38 -17.25 0.99
E115W 0.50 -8.10 -8.56 -5.82 -2.38 -21.37 1.00
E115Y 1.18 -10.48 -10.97 -5.08 -2.58 -18.27 0.99
K116D -0.01 -5.47 -5.91 -4.22 -0.18 -19.04 0.97
K116E 0.96 -5.50 -5.99 -2.82 -0.09 -16.17 0.96
K116F 0.30 -8.27 -9.18 -5.68 -1.12 -21.14 0.99
K116G 1.17 -5.91 -6.34 -4.94 -0.95 -16.78 0.95
K116H 1.23 -6.87 -7.50 -4.22 -0.71 -16.75 0.89
K116I 1.05 -7.75 -8.70 -5.68 -0.45 -15.81 0.97
K116L 1.10 -6.62 -7.21 -4.98 -0.96 -19.01 0.95
K116M 0.76 -6.75 -7.36 -4.25 -0.88 -15.84 0.94
K116N 0.98 -4.29 -4.57 -3.46 -0.08 -12.46 0.97
K116P 1.11 -5.46 -6.07 -4.27 -0.59 -17.33 0.96
K116Q 1.12 -3.53 -4.05 -2.82 -0.36 -14.59 0.86
K116R 1.01 -2.05 -2.45 -2.10 -0.11 -9.33 0.28
K116S 0.72 -5.28 -5.76 -3.50 -0.64 -15.25 0.98
K116T 1.07 -4.47 -4.87 -4.22 -0.49 -14.70 0.92
K116V 0.87 -5.73 -6.27 -4.98 -0.94 -18.46 0.93
K116Y 0.50 -7.60 -8.13 -4.96 -0.65 -21.22 0.97
L117A 0.85 -5.34 -5.81 -3.55 -1.30 -18.07 0.97
L117C 0.55 -6.92 -7.93 -3.56 -1.43 -14.74 0.98
L117D -0.06 -8.19 -9.40 -5.68 -2.16 -21.61 1.00
L117F 0.64 -4.27 -4.92 -2.82 -0.61 -10.83 0.97
L117G 0.73 -5.94 -6.56 -5.69 -2.33 -19.40 0.99
L117H 0.08 -7.52 -8.50 -4.96 -1.56 -17.24 1.00
L117I 0.97 -3.92 -4.46 -1.41 -0.39 -10.41 0.88
L117M -0.27 -2.55 -3.16 -1.41 -0.33 -10.91 0.71
L117N 0.12 -7.20 -7.95 -4.97 -1.93 -19.03 0.99
L117P 0.82 -4.49 -5.01 -4.98 -1.11 -13.60 0.99
L117Q 0.70 -6.47 -7.18 -4.25 -1.82 -17.10 1.00
L117R 0.59 -6.83 -7.67 -4.24 -0.80 -15.76 0.99
L117S 1.00 -5.95 -6.69 -4.26 -1.59 -15.18 1.00
L117V 0.54 -3.26 -3.86 -2.12 -0.07 -12.63 0.86
T118A 1.02 -4.29 -4.94 -3.24 -0.17 -11.72 0.65
T118D 1.03 -4.53 -5.05 -3.96 -0.72 -14.42 0.88
T118E 0.97 -5.45 -6.41 -3.96 -1.47 -14.54 0.93
T118F 0.92 -10.06 -11.30 -4.71 -2.82 -18.44 0.98
T118G -0.01 -5.02 -5.92 -4.61 -0.69 -12.98 0.63
T118I 1.01 -5.20 -5.53 -4.06 -0.71 -15.54 0.99
T118K 0.90 -5.51 -6.24 -3.95 -1.22 -14.19 0.94
T118L 0.81 -7.38 -8.33 -4.06 -1.48 -15.88 0.83
T118M 0.89 -7.31 -7.84 -4.01 -1.51 -14.64 0.82
T118N 0.76 -3.94 -4.50 -3.26 -0.62 -11.01 0.60
T118P 0.74 -4.89 -5.30 -4.01 -1.16 -13.35 0.83
T118R 0.86 -6.00 -6.72 -4.00 -1.39 -13.61 0.93
T118S 0.96 -1.25 -1.56 -2.45 -0.08 -8.47 0.30
T118V 0.98 -7.99 -8.65 -3.40 -2.04 -15.43 0.94
T118W 0.25 -10.90 -12.20 -4.77 -3.34 -19.95 0.99
T118Y 1.05 -10.02 -10.92 -4.71 -2.81 -18.48 0.98
D119A 1.19 -3.38 -3.81 -5.28 -0.38 -13.75 0.86
D119C 1.22 -7.29 -7.60 -6.04 -2.00 -18.49 0.99
D119E 1.13 -0.90 -1.20 -2.51 -0.02 -7.92 0.48
D119F 0.81 -7.31 -8.08 -5.96 -1.65 -17.08 0.99
D119G 0.99 -5.26 -5.79 -4.67 -1.27 -13.11 0.88
D119H 0.86 -3.82 -4.31 -4.52 -1.02 -14.82 0.97
D119K 0.86 -3.24 -3.76 -4.55 -0.66 -14.76 0.96
D119L 0.79 -4.42 -5.02 -6.64 -0.81 -17.04 0.97
D119N 0.98 -3.12 -3.36 -3.25 -0.05 -9.71 0.73
D119P 0.22 -3.20 -3.48 -4.65 -1.42 -14.97 0.97
D119R 0.92 -5.65 -6.21 -5.23 -1.37 -17.88 0.96
D119S 1.09 -4.13 -4.66 -3.93 -0.85 -14.32 0.81
D119T 1.22 -5.40 -5.95 -4.62 -0.48 -14.33 0.90
D119V 0.84 -3.95 -4.53 -5.96 -1.18 -16.23 0.93
D119W 0.78 -6.84 -6.89 -6.67 -1.96 -19.53 1.00
D119Y 0.98 -4.99 -5.62 -5.92 -0.72 -15.04 0.96
E120A 1.17 -2.92 -3.34 -3.75 -0.27 -11.37 0.40
E120C 0.98 -7.85 -8.16 -5.58 -1.07 -17.57 0.97
E120D 0.88 -1.71 -2.02 -1.25 -0.02 -8.80 0.19
E120F 1.15 -7.16 -7.73 -5.04 -1.01 -18.36 0.97
E120G 1.02 -5.11 -5.50 -4.22 -0.50 -13.79 0.58
E120H 1.08 -4.47 -4.92 -3.13 -0.54 -15.03 0.90
E120I 0.97 -6.62 -7.47 -5.03 -1.18 -17.32 0.86
E120K 0.81 -2.46 -2.90 -2.55 -0.32 -12.44 0.74
E120L 0.90 -5.68 -6.20 -5.13 -1.13 -18.26 0.85
E120M 0.35 -7.41 -7.85 -4.46 -0.84 -17.32 0.88
E120N 0.94 -5.11 -5.71 -2.90 -0.07 -14.41 0.68
E120S 1.14 -4.93 -5.31 -2.98 -0.27 -13.93 0.58
E120V 0.98 -4.64 -5.15 -4.46 -0.58 -15.06 0.70
E120W 0.91 -7.26 -8.41 -5.15 -1.36 -18.17 0.99
E120Y 1.04 -6.89 -7.46 -4.47 -1.00 -15.87 0.95
E121A 0.37 -6.57 -7.67 -4.02 -1.67 -16.86 0.96
E121C -0.19 -8.67 -9.31 -6.04 -3.14 -20.57 1.00
E121D 1.01 -3.29 -4.00 -1.97 -0.53 -12.86 0.93
E121G 0.92 -7.55 -8.29 -4.69 -2.76 -16.56 0.98
E121I 0.50 -9.39 -10.20 -5.38 -2.13 -21.77 1.00
E121K 0.80 -6.13 -6.97 -2.65 -1.95 -16.79 0.99
E121L -0.45 -8.52 -9.27 -5.38 -2.19 -21.35 1.00
E121N 0.11 -7.29 -8.14 -3.34 -2.42 -18.76 0.99
E121Q 0.70 -3.73 -4.34 -2.01 -0.08 -14.77 0.95
E121R 0.92 -8.02 -9.00 -3.35 -2.46 -20.14 0.99
E121S -0.06 -7.83 -8.38 -3.33 -1.81 -19.21 0.99
E121V 0.83 -7.10 -7.63 -4.71 -1.75 -16.88 0.99
E121Y 0.92 -9.49 -10.67 -4.70 -3.43 -20.03 1.00
V122A 1.02 -2.13 -2.55 -2.64 -0.45 -11.22 0.90
V122D 0.69 -9.50 -10.09 -4.60 -3.41 -19.90 1.00
V122E 0.44 -7.51 -8.30 -3.96 -2.29 -18.58 0.99
V122F 0.27 -4.52 -5.05 -3.28 -1.68 -17.33 0.99
V122G 1.01 -4.68 -5.17 -4.61 -1.43 -18.58 0.88
V122H 0.66 -7.85 -8.26 -4.60 -3.09 -19.71 1.00
V122I 0.97 -1.80 -1.86 -0.64 -0.20 -9.25 0.63
V122K 0.85 -8.26 -9.20 -3.96 -4.06 -18.82 1.00
V122L 0.84 -2.42 -2.50 -1.97 -0.32 -12.58 0.98
V122M 1.09 -4.39 -5.08 -1.98 -0.38 -15.05 0.99
V122P -0.22 -7.69 -8.38 -3.97 -3.70 -18.99 1.00
V122Q -0.11 -8.70 -9.46 -3.96 -3.65 -20.31 1.00
V122R 0.49 -7.62 -8.00 -4.60 -3.33 -17.77 0.99
V122S 1.21 -6.01 -6.50 -3.94 -1.17 -17.74 0.97
V122T 1.21 -5.06 -5.48 -2.64 -1.03 -15.81 0.88
V122W 0.48 -7.43 -8.31 -4.62 -2.68 -19.76 1.00
D123A 0.85 -3.29 -3.49 -4.98 -0.41 -9.90 0.87
D123C 0.39 -7.61 -8.00 -5.70 -1.41 -15.91 0.99
D123E 0.85 -1.68 -1.90 -2.42 -0.04 -5.47 0.59
D123F 0.96 -6.54 -7.21 -5.62 -0.98 -16.20 0.99
D123G 1.02 -4.15 -4.43 -4.40 -0.75 -10.95 0.85
D123H 0.50 -4.41 -4.98 -4.37 -0.82 -12.38 0.97
D123I 1.17 -7.01 -7.74 -5.66 -0.81 -16.56 0.99
D123K 0.61 -4.24 -4.59 -4.35 -0.61 -13.04 0.97
D123L -0.18 -5.35 -5.71 -6.28 -0.78 -16.32 0.97
D123N 1.01 -2.88 -3.06 -3.14 -0.05 -10.00 0.71
D123P 0.88 -8.77 -9.64 -4.42 -2.47 -18.68 1.00
D123R 0.94 -4.74 -5.08 -5.00 -0.71 -15.99 0.96
D123S 0.95 -4.54 -4.69 -3.74 -0.36 -12.63 0.83
D123V 0.69 -6.83 -7.38 -5.63 -0.59 -13.17 0.95
D123W 0.77 -7.78 -8.24 -6.29 -1.69 -17.71 1.00
D123Y 0.97 -5.95 -6.03 -5.61 -0.81 -13.37 0.94
E124A 1.03 -3.49 -3.86 -3.81 -0.49 -10.79 0.68
E124D 0.70 -2.16 -2.68 -1.91 -0.06 -8.24 0.56
E124G 0.98 -5.87 -6.60 -4.47 -0.72 -12.46 0.73
E124I 0.89 -6.17 -6.98 -5.12 -1.31 -17.25 0.96
E124K 1.00 -4.53 -4.95 -2.52 -0.47 -14.13 0.94
E124L 0.03 -5.88 -6.56 -5.10 -0.74 -16.01 0.94
E124N 1.03 -5.34 -6.16 -3.18 -0.57 -15.08 0.88
E124R 0.97 -6.18 -6.63 -3.16 -1.16 -17.55 0.93
E124S 0.88 -5.85 -6.52 -3.17 -0.69 -14.60 0.80
E124T 1.19 -4.91 -5.35 -3.82 -0.99 -14.98 0.86
E124V 1.01 -6.73 -7.41 -4.47 -1.12 -13.65 0.89
E124Y 0.25 -7.13 -8.21 -4.46 -1.69 -15.92 0.98
M125A 0.71 -6.65 -7.26 -3.90 -2.06 -13.56 0.99
M125E 0.38 -7.86 -9.69 -4.55 -4.37 -20.21 1.00
M125F 0.61 -5.17 -5.86 -3.25 -2.11 -14.51 0.96
M125G 0.72 -8.41 -9.57 -5.21 -4.21 -20.84 1.00
M125I 0.88 -3.42 -3.96 -2.60 -0.11 -9.46 0.99
M125L 1.04 -3.23 -3.91 -1.95 -1.12 -10.41 0.87
M125P 0.20 -9.62 -10.25 -4.55 -5.04 -20.67 1.00
M125Q 0.51 -7.83 -8.61 -3.25 -4.34 -19.13 0.99
M125R 0.45 -8.16 -9.30 -3.90 -4.17 -17.12 1.00
M125S 0.51 -9.00 -9.94 -3.89 -3.16 -18.26 1.00
M125T 0.86 -7.39 -8.20 -3.88 -0.97 -16.35 1.00
M125V 0.98 -5.09 -5.79 -2.59 -0.19 -10.74 0.96
M125W 0.03 -6.48 -7.79 -3.91 -2.56 -18.10 0.99
I126A 0.58 -8.21 -9.44 -3.23 -2.84 -14.99 0.99
I126C 0.50 -7.28 -8.40 -3.23 -2.99 -18.63 0.99
I126F 0.86 -4.37 -5.06 -2.59 -0.82 -15.00 0.94
I126G -0.47 -8.40 -8.92 -5.18 -3.75 -17.61 1.00
I126L 0.93 -2.80 -3.41 -1.29 -0.15 -11.53 0.60
I126M 1.11 -2.36 -3.02 -1.92 -0.35 -11.78 0.68
I126N 0.81 -9.48 -10.51 -4.53 -4.15 -17.61 0.99
I126Q 0.19 -9.90 -10.82 -4.51 -4.15 -18.67 0.99
I126R 0.46 -9.98 -10.98 -4.52 -3.95 -15.58 0.99
I126S 1.04 -9.98 -11.40 -3.88 -3.14 -16.16 0.99
I126T 0.95 -5.90 -6.31 -3.23 -1.92 -13.51 0.99
I126V 1.01 -2.87 -3.66 -0.63 -0.06 -10.65 0.45
I126W 0.65 -9.56 -10.18 -4.53 -3.12 -19.07 1.00
R127C 0.11 -6.15 -6.62 -5.01 -0.25 -12.14 0.70
R127E 0.04 -4.10 -4.48 -3.06 -0.44 -14.71 0.79
R127F 0.58 -8.45 -9.37 -5.00 -1.38 -16.46 0.95
R127G 0.96 -4.31 -4.74 -4.37 -0.67 -12.46 0.76
R127I 0.94 -6.86 -7.37 -5.00 -0.89 -15.12 0.88
R127K 0.90 -1.61 -1.73 -1.75 -0.09 -8.07 0.26
R127L 1.09 -4.73 -5.35 -4.37 -0.48 -13.65 0.73
R127M 0.90 -6.49 -7.36 -3.73 -0.79 -13.08 0.86
R127N 0.98 -4.72 -5.17 -3.10 -0.24 -10.64 0.91
R127P 0.12 -8.83 -9.48 -4.34 -1.79 -16.67 1.00
R127S 0.77 -3.17 -3.44 -3.69 -0.36 -11.50 0.89
R127T 0.72 -4.41 -4.92 -3.72 -0.38 -13.70 0.83
R127V 0.61 -5.33 -6.01 -4.97 -1.17 -15.38 0.84
R127W 0.88 -8.74 -9.52 -5.01 -0.72 -14.06 0.88
E128A 1.11 -4.06 -4.94 -3.60 -0.72 -11.84 0.84
E128D 1.10 -2.51 -3.19 -1.87 -0.30 -13.31 0.81
E128G 0.96 -4.92 -6.24 -4.31 -1.66 -12.99 0.87
E128H 0.89 -7.31 -8.24 -3.12 -1.80 -14.47 0.98
E128K 0.85 -6.08 -6.69 -2.47 -0.92 -15.13 0.97
E128L 0.62 -6.56 -7.49 -4.95 -1.42 -16.65 0.97
E128R 0.17 -6.22 -6.69 -3.09 -1.68 -19.07 0.96
E128V 1.09 -5.14 -6.14 -4.30 -0.78 -14.88 0.91
A129D -0.07 -9.57 -10.52 -3.81 -1.84 -17.08 1.00
A129E 0.33 -9.15 -10.21 -3.17 -2.52 -17.68 0.99
A129G 0.95 -5.75 -6.74 -2.55 -1.08 -12.12 0.83
A129I -0.28 -5.57 -6.37 -3.18 -0.74 -15.33 0.97
A129K 1.15 -9.61 -10.33 -3.17 -3.03 -19.65 1.00
A129L 0.49 -6.70 -7.40 -3.18 -0.90 -17.53 0.94
A129P 1.05 -7.11 -7.79 -3.17 -1.15 -17.18 1.00
A129R 0.68 -7.55 -8.31 -3.17 -3.02 -17.51 0.99
A129S 1.00 -5.69 -6.54 -1.89 -0.05 -11.00 0.77
A129T 0.76 -6.36 -7.44 -2.52 -0.23 -13.44 0.94
A129V 1.00 -3.64 -4.02 -2.54 -0.48 -12.28 0.92
A129Y 0.15 -7.22 -8.03 -3.82 -1.26 -17.48 0.99
D130A 0.35 -6.74 -7.80 -4.94 -1.54 -14.17 0.99
D130C 0.84 -7.15 -8.81 -5.59 -4.54 -15.20 1.00
D130E 0.93 -4.65 -5.66 -2.48 -2.52 -12.52 0.99
D130F 0.08 -8.22 -10.05 -5.58 -4.01 -16.09 1.00
D130G 0.90 -4.08 -4.95 -4.31 -1.58 -10.98 0.98
D130H 0.74 -5.42 -6.78 -4.34 -3.03 -13.54 1.00
D130I 0.12 -8.20 -9.84 -5.58 -4.48 -17.69 1.00
D130K -0.14 -6.38 -7.65 -4.34 -3.40 -15.84 1.00
D130L 0.39 -7.46 -8.68 -6.20 -4.66 -16.91 1.00
D130N 0.93 -4.49 -5.84 -3.09 -0.13 -11.47 0.98
D130Q 0.54 -7.06 -8.37 -3.72 -2.74 -15.57 1.00
D130R 0.31 -6.52 -7.83 -4.96 -3.98 -16.10 0.99
D130S 0.87 -6.02 -7.40 -3.70 -2.03 -15.07 0.99
D130V 0.97 -6.56 -7.76 -5.58 -1.89 -13.23 0.99
D130W -0.32 -9.84 -10.96 -6.21 -6.23 -19.89 1.00
D130Y 0.83 -8.22 -9.90 -5.58 -4.43 -12.03 0.99
I131A 0.89 -1.92 -1.99 -1.87 -0.11 -11.07 0.22
I131C 0.74 -4.40 -4.95 -2.24 -0.13 -16.10 0.51
I131F 1.06 -3.63 -3.81 -1.90 -0.38 -15.06 0.35
I131G 0.65 -4.48 -4.85 -3.54 -0.50 -15.91 0.49
I131H 1.10 -5.18 -5.59 -2.98 -0.71 -18.31 0.67
I131K 0.60 -2.31 -2.49 -2.67 -0.21 -18.43 0.47
I131L 1.00 -1.62 -1.71 -0.70 -0.01 -9.46 0.10
I131M 1.01 -2.06 -2.35 -0.88 -0.03 -11.91 0.12
I131N 1.10 -4.81 -5.19 -2.97 -0.09 -16.47 0.43
I131P -0.11 -4.51 -4.99 -2.95 -0.68 -16.13 0.91
I131Q 0.69 -3.42 -3.64 -2.34 -0.24 -15.81 0.40
I131R 1.03 -3.14 -3.28 -2.78 -0.14 -17.52 0.43
I131S 0.81 -2.29 -2.55 -2.43 -0.15 -15.16 0.32
I131T 1.05 -1.12 -1.17 -1.88 -0.05 -12.62 0.16
I131V 0.99 -0.82 -0.91 -0.12 -0.01 -6.86 0.07
I131W 1.13 -7.47 -8.36 -3.15 -0.80 -21.25 0.89
I131Y 0.95 -6.18 -6.78 -2.09 -0.82 -18.48 0.72
D132A 0.88 -5.20 -5.81 -4.90 -3.20 -13.61 0.98
D132E 0.83 -5.87 -7.08 -2.43 -0.42 -7.89 0.98
D132F 1.12 -9.02 -10.22 -5.51 -4.47 -18.40 1.00
D132G 1.03 -4.71 -6.10 -4.27 -2.00 -12.12 0.95
D132L -0.14 -6.49 -7.49 -6.14 -4.10 -18.10 0.99
D132N 0.88 -2.52 -3.02 -2.99 -0.26 -8.69 0.62
D132R 0.34 -5.88 -7.05 -4.87 -2.04 -17.52 0.99
D132S 1.17 -4.35 -5.15 -3.65 -1.93 -14.85 0.89
D132V 0.85 -5.86 -6.80 -5.52 -2.79 -15.00 0.99
D132Y 0.78 -6.22 -6.93 -5.48 -2.91 -11.79 0.99
G133A 0.90 -5.05 -5.94 -3.67 -0.52 -11.77 0.61
G133C 0.08 -7.02 -8.55 -5.51 -1.54 -13.92 0.76
G133D 0.65 -5.19 -6.39 -4.27 -0.56 -16.94 0.89
G133E 0.99 -4.79 -5.82 -4.87 -1.17 -16.30 0.90
G133K 0.87 -3.85 -4.63 -4.86 -0.80 -18.36 0.91
G133L 0.20 -5.06 -6.37 -6.12 -1.69 -17.21 0.94
G133N 0.90 -3.31 -3.97 -3.62 -0.35 -10.98 0.72
G133P -0.10 -5.84 -7.03 -4.89 -1.63 -18.21 1.00
G133R 0.95 -4.34 -5.20 -4.85 -0.59 -14.15 0.87
G133S 0.21 -4.56 -5.30 -3.65 -0.41 -11.72 0.48
G133V 0.89 -6.90 -8.12 -5.51 -1.90 -13.01 0.96
G133W -0.02 -7.60 -8.34 -4.91 -2.85 -18.79 0.99
D134A 0.56 -7.50 -8.48 -4.89 -3.19 -15.57 0.98
D134C 0.85 -7.79 -8.61 -5.50 -3.21 -18.87 1.00
D134E 1.06 -4.12 -5.25 -2.45 -1.53 -12.07 0.97
D134F 0.32 -9.85 -11.09 -5.51 -4.69 -18.92 1.00
D134G 0.97 -6.18 -7.52 -4.29 -1.78 -14.02 0.96
D134K -0.24 -5.82 -7.04 -4.28 -3.32 -17.49 0.99
D134N 1.04 -2.85 -3.76 -3.06 -0.50 -13.56 0.75
D134Q 0.88 -6.30 -7.60 -3.67 -2.42 -17.73 0.99
D134R 0.45 -8.43 -9.67 -4.89 -3.50 -20.06 0.99
D134S 0.36 -5.08 -6.07 -3.67 -1.05 -17.23 0.88
D134V 0.69 -7.31 -8.32 -5.51 -2.40 -15.90 0.99
D134Y 0.43 -7.92 -9.24 -5.51 -4.64 -15.03 0.99
G135A 0.98 -6.30 -7.52 -3.60 -2.25 -13.71 0.94
G135C 1.02 -7.89 -8.88 -5.41 -3.96 -14.51 0.97
G135E 0.94 -5.92 -7.27 -4.80 -2.02 -13.62 0.99
G135K 0.67 -5.56 -6.79 -4.79 -3.22 -14.37 0.99
G135M 0.36 -7.80 -9.62 -5.41 -4.72 -20.27 0.99
G135Q 0.34 -6.19 -7.36 -4.79 -3.46 -16.70 0.98
G135R 0.91 -5.06 -6.06 -4.78 -1.79 -13.20 0.98
G135S 1.13 -5.26 -5.98 -3.58 -2.22 -11.33 0.86
G135V 0.77 -8.29 -9.69 -5.43 -4.75 -15.20 0.99
Q136D 0.40 -5.35 -5.85 -2.72 -0.47 -19.77 0.92
Q136E 1.01 -3.94 -4.25 -1.53 -0.07 -14.74 0.33
Q136H 0.86 -3.74 -4.32 -2.50 -0.37 -10.09 0.66
Q136I 0.73 -7.24 -8.07 -4.31 -0.69 -18.97 0.67
Q136L 0.95 -3.47 -3.93 -3.72 -0.19 -12.97 0.31
Q136M -0.27 -3.69 -4.19 -2.64 -0.19 -15.22 0.29
Q136P 0.77 -8.15 -8.96 -3.26 -1.63 -16.74 0.99
Q136R 1.04 -3.56 -3.78 -1.65 -0.16 -10.70 0.44
Q136S 0.48 -6.16 -6.75 -2.65 -0.20 -16.29 0.45
Q136T 0.80 -4.58 -4.93 -3.16 -0.20 -14.28 0.38
Q136V 0.54 -5.71 -6.26 -3.82 -0.26 -17.33 0.43
Q136W -0.05 -8.48 -9.29 -3.86 -1.44 -19.37 0.93
V137A 0.98 -5.80 -5.98 -2.44 -2.95 -15.78 0.98
V137C 1.15 -5.66 -5.48 -2.85 -4.07 -14.21 0.97
V137D 0.40 -7.75 -7.40 -4.06 -4.11 -16.00 1.00
V137F 0.77 -3.38 -3.93 -2.64 -1.48 -17.06 0.97
V137G 0.45 -5.21 -4.13 -4.26 -2.30 -14.64 0.95
V137I 1.00 0.12 0.42 -0.20 -0.13 -7.32 0.22
V137L 0.38 -2.77 -2.89 -1.42 -0.52 -14.93 0.89
V137W 1.05 -7.43 -7.35 -4.07 -4.72 -21.09 1.00
N138A 0.75 -8.03 -8.97 -4.31 -1.23 -15.69 0.75
N138C 1.19 -6.13 -7.23 -4.87 -0.48 -14.85 0.66
N138D 1.00 -2.33 -2.51 -2.06 -0.06 -7.91 0.30
N138F 1.11 -7.09 -8.10 -4.92 -2.63 -20.62 0.98
N138G 0.76 -6.57 -7.42 -3.23 -1.68 -14.01 0.69
N138H 0.93 -5.01 -5.82 -2.71 -1.15 -13.25 0.77
N138I 1.03 -7.13 -7.84 -4.92 -1.17 -17.63 0.92
N138K 0.98 -4.63 -5.23 -3.21 -1.26 -11.87 0.98
N138P 1.27 -7.26 -7.94 -4.23 -2.26 -16.88 0.97
N138R 0.25 -4.82 -5.50 -3.30 -2.05 -16.16 0.96
N138S 1.07 -2.68 -3.04 -2.60 -0.32 -9.82 0.18
N138T 0.76 -4.48 -4.97 -3.19 -1.53 -14.33 0.43
N138V 1.02 -7.44 -8.39 -4.92 -2.77 -18.20 0.86
N138Y 1.17 -5.63 -6.36 -4.42 -2.27 -16.16 0.88
Y139C 0.87 -4.41 -5.47 -5.08 -1.87 -14.79 0.94
Y139D 1.05 -7.34 -7.68 -5.74 -2.02 -18.10 0.98
Y139F 1.03 -3.14 -3.50 -2.24 -0.14 -6.69 0.32
Y139G -0.15 -8.55 -9.43 -5.74 -4.51 -18.22 0.94
Y139H 0.99 -7.83 -8.58 -2.89 -0.13 -14.50 0.98
Y139I 0.28 -6.46 -7.17 -4.54 -1.63 -17.42 0.95
Y139K 0.46 -8.42 -9.34 -5.17 -2.95 -18.50 0.99
Y139L -0.33 -6.82 -7.58 -4.55 -1.46 -16.80 0.87
Y139N 1.04 -7.56 -8.17 -5.18 -3.15 -16.53 0.97
Y139P 0.61 -8.36 -9.22 -5.74 -3.27 -18.22 0.98
Y139Q 0.16 -8.94 -9.97 -4.61 -2.56 -16.95 0.99
Y139R 0.24 -8.74 -9.85 -5.18 -2.07 -17.23 0.97
Y139S 0.48 -10.09 -10.98 -5.15 -2.34 -16.85 0.97
Y139V 0.22 -7.69 -8.32 -4.55 -1.66 -18.46 0.89
Y139W 0.87 -7.97 -8.49 -2.88 -1.24 -17.45 0.84
E140A 0.99 -3.77 -4.26 -3.08 -0.51 -12.00 0.43
E140D 0.86 -1.77 -2.02 -1.24 -0.03 -8.39 0.15
E140F 0.48 -6.98 -7.45 -4.16 -1.74 -17.44 0.96
E140G 0.98 -5.97 -6.73 -3.42 -0.61 -12.14 0.48
E140I 0.98 -5.16 -5.40 -4.15 -1.01 -16.25 0.83
E140K 0.93 -2.24 -2.57 -1.99 -0.51 -11.77 0.69
E140L 0.23 -5.34 -5.71 -4.18 -1.32 -16.01 0.78
E140M 1.05 -6.40 -7.25 -3.60 -0.95 -15.48 0.86
E140N 0.72 -4.00 -4.53 -2.04 -0.08 -12.64 0.51
E140Q 1.03 -2.82 -3.33 -1.46 -0.13 -10.28 0.35
E140R 0.13 -4.32 -4.97 -2.50 -0.65 -15.25 0.71
E140T 0.60 -4.26 -4.81 -2.92 -0.49 -14.49 0.54
E140V 0.88 -4.37 -4.72 -3.67 -0.72 -13.02 0.65
E140Y 0.98 -5.95 -6.62 -3.62 -1.39 -15.55 0.91
E141A 0.30 -5.27 -6.42 -3.31 -1.18 -13.58 0.92
E141D 0.93 -2.11 -2.93 -1.63 -0.32 -11.96 0.80
E141F -0.12 -8.18 -8.59 -4.47 -6.00 -21.93 1.00
E141G 0.99 -3.41 -4.19 -3.76 -1.89 -11.66 0.83
E141I 0.58 -8.74 -9.59 -4.48 -5.37 -20.27 0.99
E141K 0.69 -6.13 -7.02 -2.23 -1.89 -15.48 0.98
E141M 0.59 -7.95 -9.12 -3.91 -4.47 -20.61 1.00
E141R 0.60 -6.54 -7.29 -2.79 -4.86 -18.06 0.98
E141V 0.75 -5.30 -6.25 -3.91 -2.12 -14.89 0.97
E141Y 0.01 -6.74 -7.34 -3.91 -4.52 -19.08 0.99
F142C 0.28 -7.69 -8.56 -4.36 -2.50 -14.52 1.00
F142I 0.24 -5.78 -6.79 -3.29 -1.30 -19.39 0.99
F142L 0.67 -4.74 -5.67 -3.28 -0.99 -14.73 1.00
F142S 0.01 -7.78 -8.05 -4.35 -2.38 -13.30 1.00
F142Y 0.96 -4.15 -4.87 -1.64 -0.46 -13.83 0.85
V143A 1.00 -2.68 -3.21 -1.94 -0.22 -11.77 0.83
V143E 1.12 -6.35 -7.10 -2.88 -0.56 -19.04 0.96
V143G 0.76 -7.86 -8.37 -3.49 -1.66 -17.57 0.87
V143I 0.99 -1.80 -2.10 -0.53 -0.01 -9.51 0.32
V143K 1.21 -4.73 -5.12 -2.73 -0.31 -17.14 0.94
V143L 0.98 -2.96 -3.23 -1.48 -0.08 -13.22 0.78
V143M 1.09 -4.48 -5.03 -1.45 -0.18 -13.46 0.90
V143S 0.03 -3.97 -4.23 -2.88 -0.29 -15.65 0.86
V143T -0.09 -3.44 -3.88 -1.91 -0.29 -14.19 0.78
Q144C 0.61 -3.78 -3.78 -3.02 -0.12 -11.92 0.66
Q144D 0.57 -3.88 -4.19 -1.72 -0.11 -14.83 0.49
Q144E 1.19 -2.38 -2.65 -0.75 -0.03 -5.21 0.17
Q144G 0.85 -3.04 -3.32 -2.48 -0.44 -11.59 0.17
Q144H 0.88 -2.29 -2.33 -1.70 -0.18 -7.34 0.27
Q144K 0.74 0.52 0.61 -0.62 0.03 -5.65 0.18
Q144L 1.08 -2.34 -2.76 -2.59 -0.30 -11.24 0.19
Q144N 0.10 -2.54 -2.86 -1.53 -0.01 -12.76 0.21
Q144P 0.91 -5.62 -6.27 -2.11 -1.33 -12.64 0.96
Q144R 1.01 0.50 0.52 -0.94 0.03 -6.19 0.19
Q144S 1.08 -2.52 -2.67 -1.53 -0.01 -9.93 0.11
Q144T 0.66 -1.03 -1.08 -1.88 0.00 -5.62 0.10
Q144V 0.74 -4.36 -4.69 -2.54 -0.66 -10.10 0.30
Q144W 0.56 -5.13 -5.21 -2.76 -0.59 -13.02 0.84
Q144Y 0.82 -5.00 -5.48 -2.21 -0.42 -14.71 0.58
M145A 1.02 -4.42 -5.33 -2.24 -1.82 -10.74 0.87
M145I 0.74 -2.19 -2.75 -1.28 -0.06 -6.10 0.81
M145K 0.82 -4.48 -5.22 -2.60 -0.99 -13.91 0.76
M145L 0.67 -2.68 -3.34 -1.00 -0.27 -10.04 0.32
M145Q 1.07 -7.23 -8.22 -2.24 -4.03 -13.40 0.73
M145R 0.28 -4.20 -4.75 -2.66 -1.92 -13.61 0.79
M145S 0.57 -5.68 -6.05 -2.52 -2.05 -12.95 0.91
M145T 0.98 -3.71 -4.69 -2.38 -0.91 -11.63 0.88
M145V 0.93 -1.52 -2.15 -1.24 -0.06 -3.10 0.22
M146A 0.72 -4.17 -4.55 -2.81 -2.44 -11.95 0.94
M146I 0.88 -1.61 -2.38 -1.75 -0.24 -6.01 0.95
M146K 0.55 -8.44 -8.49 -2.89 -4.91 -13.45 0.97
M146L 0.83 -1.24 -1.83 -1.26 -0.39 -3.46 0.43
M146R 0.17 -7.15 -6.98 -2.88 -5.03 -11.05 0.97
M146T 0.95 -5.36 -5.69 -2.81 -1.59 -10.66 0.97
M146V 1.02 -2.57 -3.29 -1.82 -0.27 -5.82 0.64
T147A 1.01 -2.38 -2.70 -1.41 -0.07 -9.47 0.25
T147F 0.39 -4.17 -4.08 -1.86 -0.65 -12.19 0.74
T147I 1.04 -2.62 -2.83 -1.51 -0.13 -9.94 0.63
T147N 1.13 -3.16 -3.24 -1.66 -0.39 -12.76 0.48
T147P 1.01 -6.56 -7.14 -1.96 -0.81 -13.67 0.95
T147S 1.00 -2.15 -2.23 -1.07 -0.01 -8.32 0.32
T147V 1.25 -2.72 -3.01 -1.19 -0.09 -9.12 0.34
A148D 0.51 -3.42 -3.44 -1.80 -0.03 -11.56 0.52
A148G 0.76 -4.16 -4.08 -1.46 -0.08 -6.05 0.10
A148P 0.73 -3.94 -3.51 -1.81 -0.14 -10.16 0.84
A148S 0.63 -1.73 -1.88 -0.58 -0.00 -5.71 0.07
A148T 1.06 -2.00 -1.95 -1.19 -0.00 -7.67 0.13
A148V 1.02 -7.26 -7.38 -1.51 -0.09 -7.75 0.34
K149E 0.97 -10.78 -16.23 -1.72 -0.20 -9.75 0.55
K149I 0.83 -10.78 -16.23 -3.34 -0.20 -14.75 0.94
K149M 0.63 -10.78 -16.23 -2.47 -0.20 -13.74 0.90
K149N 0.97 -10.78 -16.23 -2.10 -0.20 -11.04 0.86
K149Q 0.56 -10.78 -16.23 -1.71 -0.20 -10.80 0.39
K149R 1.00 -3.76 -4.31 -1.28 -0.00 -8.62 0.12
K149T 0.74 -10.78 -16.23 -2.53 -0.20 -12.79 0.76
