Mut Exp pycofitness EVcouplings Provean GEMME ESM1b Deogen AlphaMissense
S2A 0.78 -3.73 -2.50 -0.48 -0.03 -4.56 0.18 0.12
S2C 0.72 -4.20 -5.99 -1.64 -0.06 -10.21 0.40 0.36
S2D 0.92 -3.06 -2.90 -1.37 -0.07 -12.71 0.34 0.41
S2E 0.95 -2.77 -0.29 -1.12 -0.23 -12.04 0.25 0.48
S2F 0.74 -4.20 -5.99 -2.26 -0.13 -14.75 0.39 0.61
S2G 0.74 -4.20 -5.99 -1.53 -0.27 -6.61 0.32 0.14
S2H 0.77 -4.20 -5.99 -2.08 -0.25 -16.87 0.36 0.65
S2I 0.77 -4.20 -5.99 -2.07 -0.27 -15.57 0.43 0.69
S2K 0.69 -3.97 -2.56 -1.57 -0.27 -15.98 0.40 0.81
S2L 0.75 -4.20 -5.99 -2.09 -0.27 -14.10 0.43 0.48
S2M 0.70 -4.20 -5.99 -1.42 -0.27 -14.04 0.40 0.56
S2N 0.70 -4.20 -5.99 -1.34 -0.17 -12.25 0.40 0.31
S2P 0.75 -4.20 -5.99 -2.11 -0.27 -9.55 0.43 0.32
S2Q 0.71 -4.16 -5.81 -1.44 -0.09 -15.38 0.40 0.59
S2R 0.79 -4.20 -5.99 -1.96 -0.27 -15.97 0.36 0.83
S2T 0.75 -3.22 -3.05 -1.03 -0.04 -7.13 0.24 0.15
S2V 0.84 -4.20 -5.99 -1.85 -0.27 -10.89 0.35 0.58
S2W 0.73 -4.20 -5.99 -2.84 -0.25 -16.33 0.48 0.74
S2Y 0.73 -4.20 -5.99 -2.30 -0.25 -15.73 0.48 0.57
D3A 0.54 -3.83 -2.79 -2.89 -0.26 -11.57 0.35 0.40
D3C 0.16 -4.20 -6.13 -3.76 -0.36 -15.80 0.51 0.85
D3E 0.54 -3.45 -1.95 -1.30 -0.00 -5.09 0.24 0.22
D3F 0.21 -3.89 -4.95 -4.03 -0.17 -17.81 0.52 0.78
D3G 0.68 -3.14 -3.56 -3.07 -0.06 -10.86 0.35 0.32
D3H 0.71 -3.79 -3.13 -3.10 -0.08 -14.53 0.50 0.72
D3I 0.67 -4.22 -6.20 -3.81 -0.38 -16.41 0.42 0.75
D3K 0.55 -3.27 -1.45 -2.75 -0.08 -15.45 0.37 0.77
D3L 0.50 -4.18 -6.06 -4.07 -0.09 -15.89 0.43 0.69
D3M 0.32 -4.22 -6.20 -3.39 -0.38 -17.31 0.51 0.89
D3N 0.59 -3.02 -1.85 -1.76 -0.06 -10.11 0.32 0.37
D3P 0.37 -4.22 -6.20 -3.06 -0.44 -14.33 0.50 0.67
D3Q 0.53 -2.52 -0.75 -2.38 -0.11 -12.19 0.50 0.60
D3R 0.57 -3.87 -2.92 -3.28 -0.08 -18.63 0.41 0.74
D3S 0.69 -3.68 -2.72 -1.90 -0.07 -9.78 0.42 0.32
D3V 0.48 -4.20 -6.06 -3.58 -0.09 -14.04 0.51 0.57
D3W 0.28 -4.22 -6.20 -4.33 -0.38 -21.33 0.53 0.95
D3Y 0.48 -4.22 -6.20 -3.97 -0.38 -17.46 0.52 0.58
Q4A 0.67 -4.59 -4.55 -1.63 -0.04 -2.78 0.26 0.08
Q4C 0.50 -4.82 -7.25 -2.71 -0.43 -6.69 0.34 0.52
Q4D 0.11 -3.35 -2.85 -1.02 -0.00 -4.10 0.21 0.20
Q4E 0.30 -3.37 -2.12 -0.45 -0.00 -4.08 0.15 0.08
Q4F 0.86 -4.86 -7.40 -2.73 -0.50 -9.58 0.34 0.54
Q4G 0.69 -4.84 -7.32 -2.22 -0.36 -4.24 0.29 0.12
Q4H 0.69 -3.85 -3.97 -1.68 -0.10 -4.79 0.26 0.20
Q4I 0.74 -4.86 -7.40 -2.58 -0.47 -5.65 0.37 0.27
Q4K 0.57 -3.52 -2.24 -1.01 -0.08 -7.22 0.22 0.12
Q4L 0.90 -4.84 -7.30 -2.29 -0.12 -6.68 0.35 0.13
Q4M 0.54 -4.62 -4.53 -1.45 -0.10 -8.01 0.31 0.23
Q4N 0.90 -3.27 -1.87 -0.78 -0.00 -2.89 0.19 0.13
Q4P 0.64 -4.41 -3.83 -1.92 -0.16 -4.52 0.27 0.14
Q4R 0.72 -3.95 -3.45 -1.27 -0.08 -9.46 0.24 0.15
Q4S 0.86 -3.83 -2.60 -0.98 -0.05 -2.94 0.21 0.09
Q4T 0.92 -4.05 -4.08 -1.28 -0.03 -3.09 0.23 0.06
Q4V 0.35 -4.66 -5.57 -2.19 -0.32 -3.96 0.29 0.15
Q4W 0.44 -4.84 -7.31 -2.79 -0.50 -14.25 0.37 0.70
Q4Y 0.59 -4.84 -7.32 -2.24 -0.50 -9.05 0.35 0.45
E5A 0.82 -4.40 -3.53 -1.71 -0.50 -8.39 0.31 0.26
E5C -0.12 -5.62 -8.11 -3.43 -1.08 -14.00 0.49 0.88
E5D 0.82 -3.92 -3.90 -1.11 -0.02 -5.83 0.24 0.08
E5F 0.62 -5.62 -8.11 -3.37 -1.21 -16.31 0.49 0.86
E5G 0.97 -5.30 -5.41 -2.44 -0.56 -9.61 0.34 0.25
E5H 0.46 -4.90 -3.79 -2.25 -0.83 -12.37 0.46 0.68
E5I -0.32 -5.42 -5.50 -3.14 -1.23 -12.27 0.39 0.61
E5K 1.10 -4.84 -3.33 -1.18 -0.51 -11.99 0.24 0.50
E5L 0.62 -5.54 -5.52 -3.10 -1.10 -12.45 0.37 0.61
E5M 0.91 -5.41 -6.01 -2.49 -0.83 -14.03 0.48 0.73
E5N 0.57 -3.82 -2.90 -1.62 -0.26 -9.66 0.26 0.34
E5P 0.92 -5.20 -4.77 -2.35 -0.84 -9.34 0.37 0.51
E5Q 0.83 -4.29 -3.00 -1.13 -0.00 -7.95 0.25 0.31
E5R 0.72 -4.60 -3.30 -1.92 -0.64 -15.57 0.29 0.61
E5S 0.72 -4.67 -3.19 -1.39 -0.45 -9.82 0.25 0.31
E5T 0.82 -4.63 -3.70 -2.16 -0.67 -9.70 0.43 0.35
E5V 0.89 -5.40 -5.49 -2.61 -0.88 -9.42 0.37 0.38
E5W 0.64 -5.45 -5.45 -3.68 -1.21 -19.82 0.50 0.96
E5Y 0.78 -5.59 -7.86 -3.06 -0.81 -16.07 0.48 0.78
A6C 0.87 -4.18 -4.30 -2.19 -0.63 -8.45 0.34 0.30
A6D 0.83 -3.25 -1.66 -2.02 -0.28 -6.43 0.28 0.27
A6E 0.52 -2.73 -1.32 -1.62 -0.30 -4.98 0.26 0.25
A6F 0.73 -4.51 -6.93 -3.08 -0.87 -10.78 0.35 0.34
A6G 1.03 -3.57 -3.01 -1.76 -0.61 -6.47 0.27 0.08
A6I 0.71 -3.48 -3.52 -2.54 -0.31 -7.07 0.38 0.18
A6K 0.49 -3.65 -1.48 -1.77 -0.52 -5.41 0.27 0.43
A6L 0.89 -4.21 -3.21 -2.58 -0.97 -7.00 0.35 0.15
A6M 1.04 -4.51 -6.93 -2.11 -0.46 -7.52 0.28 0.18
A6N 1.06 -3.25 -1.70 -1.81 -0.32 -4.47 0.26 0.12
A6P 0.73 -3.90 -2.95 -1.84 -0.40 -5.42 0.27 0.14
A6R 0.67 -3.83 -3.05 -2.11 -0.67 -7.61 0.29 0.48
A6S 0.69 -1.72 -1.15 -0.51 -0.09 -4.40 0.17 0.08
A6T 0.90 -2.46 -1.69 -1.26 -0.01 -4.70 0.24 0.07
A6V 0.89 -3.65 -2.88 -1.99 -0.17 -5.06 0.27 0.11
A6W 0.81 -4.51 -6.93 -3.55 -1.03 -13.45 0.39 0.72
A6Y 0.27 -4.50 -6.75 -2.97 -1.03 -10.89 0.38 0.41
K7A 0.47 -1.82 -1.33 -2.16 -0.23 -7.77 0.29 0.41
K7C 0.36 -4.74 -4.69 -3.66 -1.40 -11.33 0.40 0.77
K7D 0.48 -2.75 -1.61 -2.05 -0.32 -11.92 0.30 0.68
K7E 0.76 -3.07 -1.14 -1.36 -0.43 -9.87 0.25 0.38
K7F 0.52 -4.94 -7.20 -3.95 -1.24 -14.49 0.41 0.86
K7G 0.43 -4.02 -3.07 -2.03 -0.82 -9.90 0.28 0.46
K7H 0.78 -4.32 -3.21 -2.73 -0.80 -9.29 0.38 0.45
K7I 0.92 -4.59 -3.66 -3.77 -1.18 -11.05 0.47 0.52
K7L 0.52 -5.04 -4.53 -3.46 -1.06 -10.17 0.47 0.49
K7M -0.02 -4.75 -4.54 -2.76 -0.95 -11.57 0.38 0.50
K7N 0.55 -2.25 -1.75 -1.79 -0.15 -8.14 0.26 0.59
K7P 0.63 -4.32 -3.13 -1.88 -0.96 -7.92 0.26 0.53
K7Q 0.66 -3.30 -1.89 -1.16 -0.35 -6.29 0.24 0.21
K7R 0.72 -3.59 -2.16 -1.49 -0.45 -6.65 0.26 0.11
K7S 0.57 -3.74 -1.64 -1.70 -0.41 -9.32 0.29 0.51
K7T 0.69 -4.40 -2.16 -2.49 -0.20 -9.00 0.35 0.34
K7V 0.22 -4.70 -4.07 -3.17 -0.95 -9.45 0.35 0.44
K7W 0.46 -4.86 -4.72 -3.98 -1.65 -16.58 0.48 0.91
K7Y 0.54 -5.04 -4.77 -3.50 -1.08 -14.14 0.47 0.81
P8A 0.70 -3.16 -1.54 -2.11 -0.18 -7.25 0.29 0.07
P8C 0.85 -5.19 -7.32 -3.75 -1.73 -12.42 0.53 0.42
P8D -0.13 -3.62 -1.83 -2.15 -0.51 -10.99 0.45 0.36
P8E -0.20 -2.73 -0.94 -2.33 -0.29 -10.06 0.37 0.25
P8F 0.75 -5.07 -4.85 -4.38 -2.03 -13.67 0.54 0.47
P8G 0.51 -4.15 -3.03 -3.06 -1.01 -9.57 0.35 0.17
P8H 0.37 -4.42 -2.85 -3.63 -0.93 -10.36 0.53 0.22
P8I 0.36 -4.18 -3.22 -3.48 -1.59 -9.76 0.40 0.23
P8K 0.19 -2.96 -1.47 -2.86 -0.74 -9.25 0.44 0.32
P8L 0.79 -5.18 -4.23 -3.38 -0.48 -9.48 0.38 0.15
P8N 0.32 -2.97 -1.61 -2.90 -0.14 -9.57 0.34 0.21
P8Q 0.97 -4.12 -2.10 -2.76 -0.45 -7.79 0.37 0.16
P8R 0.72 -4.48 -2.51 -3.43 -1.21 -10.78 0.45 0.29
P8S 0.68 -3.56 -1.48 -2.47 -0.10 -8.17 0.35 0.11
P8T 0.32 -4.49 -2.26 -2.67 -0.47 -8.03 0.44 0.09
P8V 0.13 -4.67 -3.39 -2.90 -1.21 -8.69 0.52 0.15
P8W 0.41 -5.19 -7.32 -4.72 -2.03 -17.58 0.55 0.74
P8Y 0.77 -4.57 -4.66 -4.18 -1.51 -14.36 0.54 0.46
S9A 0.80 -3.55 -2.18 -0.94 -0.58 -2.43 0.21 0.06
S9C 0.70 -5.35 -6.19 -2.46 -1.53 -8.01 0.43 0.13
S9D 0.94 -3.36 -2.06 -1.56 -0.46 -5.79 0.26 0.39
S9E 0.76 -3.32 -1.66 -1.51 -0.50 -3.97 0.26 0.42
S9F 0.49 -5.44 -8.02 -3.18 -1.87 -10.56 0.43 0.26
S9G 0.63 -4.88 -4.06 -1.20 -0.91 -5.79 0.24 0.08
S9I 0.50 -5.40 -4.63 -2.65 -1.28 -6.49 0.43 0.16
S9K 0.99 -3.37 -2.45 -1.60 -0.46 -5.98 0.27 0.61
S9L 0.64 -4.53 -4.10 -2.80 -0.31 -6.39 0.36 0.11
S9M 0.51 -5.09 -4.40 -2.30 -0.99 -8.15 0.36 0.18
S9N 0.96 -4.56 -2.64 -1.19 -0.48 -4.89 0.25 0.14
S9P 0.99 -3.41 -2.52 -1.89 -0.40 -2.70 0.27 0.10
S9R 0.68 -4.19 -2.94 -2.34 -0.94 -8.38 0.36 0.65
S9T 0.71 -4.74 -2.99 -1.48 -0.14 -3.67 0.26 0.07
S9V 0.68 -4.49 -3.45 -2.33 -1.08 -4.17 0.43 0.12
S9W 0.50 -5.44 -8.02 -3.76 -1.87 -14.10 0.44 0.55
S9Y 0.61 -4.77 -4.34 -3.13 -1.24 -10.98 0.37 0.32
T10A 0.73 -0.82 -0.67 -0.05 -0.00 -3.29 0.13 0.06
T10C 0.64 -3.27 -6.55 -1.65 -1.12 -7.40 0.32 0.19
T10D 0.24 -1.55 -1.00 -1.11 -0.39 -7.33 0.24 0.24
T10E 0.30 -1.08 0.11 -0.87 -0.34 -5.40 0.21 0.21
T10F 0.71 -3.15 -4.12 -2.29 -1.23 -9.28 0.38 0.22
T10G 0.46 -1.25 -1.50 -0.55 -0.26 -6.10 0.17 0.08
T10H 0.68 -2.99 -2.70 -1.96 -0.69 -7.59 0.33 0.18
T10I 0.80 -2.86 -2.89 -1.72 -0.74 -4.60 0.32 0.12
T10K 0.79 -0.84 -0.05 -1.07 -0.37 -7.63 0.24 0.21
T10L 0.78 -3.12 -2.99 -1.72 -0.85 -5.01 0.27 0.09
T10M 0.66 -2.84 -2.68 -1.39 -0.78 -6.49 0.25 0.10
T10N 0.84 -0.02 0.08 -1.11 -0.08 -6.39 0.24 0.08
T10P 0.69 -1.84 -1.06 -1.02 -0.33 -5.18 0.22 0.08
T10Q 0.69 -1.58 -0.53 -1.08 -0.34 -4.91 0.22 0.14
T10R 0.70 -2.41 -1.60 -1.39 -0.20 -9.31 0.25 0.24
T10S 0.67 -0.20 -0.04 -0.23 -0.06 -4.59 0.14 0.06
T10V 0.88 -3.08 -3.54 -1.14 -0.58 -2.01 0.24 0.09
T10W 0.81 -3.13 -4.10 -2.49 -1.45 -13.30 0.38 0.50
T10Y 0.91 -3.09 -4.12 -2.17 -1.38 -9.87 0.34 0.26
E11A 0.71 -3.05 -1.58 -0.87 -0.51 -7.88 0.20 0.13
E11C 0.51 -4.66 -5.43 -2.88 -1.52 -11.96 0.38 0.71
E11D 0.64 -3.17 -1.92 -0.63 -0.17 -5.70 0.18 0.07
E11F 0.30 -4.46 -4.37 -2.87 -1.54 -14.49 0.38 0.72
E11G 1.07 -3.40 -3.17 -0.85 -0.41 -8.40 0.19 0.12
E11H 0.59 -3.31 -2.56 -1.66 -0.50 -10.87 0.27 0.39
E11I 0.06 -4.58 -3.49 -2.64 -1.08 -11.31 0.37 0.38
E11K 0.70 -3.08 -1.56 -0.90 -0.45 -11.53 0.21 0.21
E11L 0.84 -4.01 -3.97 -2.60 -1.08 -11.05 0.34 0.37
E11M 0.93 -4.54 -3.60 -2.11 -1.06 -12.88 0.34 0.45
E11N 0.22 -2.10 -1.50 -1.09 -0.14 -9.00 0.31 0.17
E11P 0.34 -3.13 -2.07 -1.03 -0.67 -8.23 0.22 0.34
E11Q 0.48 -2.91 -2.16 -0.68 -0.08 -6.60 0.18 0.14
E11R 0.61 -4.04 -3.04 -1.40 -0.88 -13.85 0.25 0.33
E11S 0.64 -2.71 -1.42 -0.92 -0.20 -8.09 0.21 0.13
E11T 0.38 -4.60 -2.75 -1.56 -0.34 -8.21 0.26 0.16
E11V 0.69 -3.28 -2.69 -2.14 -0.60 -9.23 0.29 0.22
E11W 0.14 -4.88 -7.84 -2.87 -1.46 -17.63 0.35 0.88
E11Y 0.33 -4.84 -5.32 -2.50 -1.22 -14.76 0.37 0.60
D12A 0.82 -3.49 -1.94 -1.58 -0.69 -4.58 0.26 0.19
D12C 0.67 -4.64 -4.57 -2.87 -1.52 -10.11 0.42 0.56
D12E 0.60 -1.55 -0.58 -0.76 -0.14 -1.32 0.19 0.11
D12F 0.61 -4.62 -4.43 -2.99 -1.55 -12.18 0.42 0.56
D12G 0.81 -3.30 -2.80 -1.37 -0.37 -6.65 0.24 0.15
D12H 0.70 -3.84 -3.08 -2.01 -0.71 -8.60 0.30 0.40
D12I 0.82 -4.06 -3.54 -2.45 -1.38 -8.66 0.42 0.30
D12K 0.65 -3.29 -1.54 -1.76 -0.60 -7.97 0.26 0.47
D12L 0.63 -4.45 -3.78 -2.91 -1.22 -8.67 0.42 0.35
D12M -0.36 -3.70 -3.86 -2.37 -1.23 -9.96 0.42 0.51
D12N 0.83 -3.36 -2.09 -1.25 -0.53 -5.67 0.24 0.13
D12P 1.00 -3.05 -1.64 -1.07 -0.75 -5.59 0.23 0.48
D12Q 0.51 -3.66 -1.90 -1.38 -0.22 -4.77 0.24 0.33
D12R 0.78 -4.44 -2.72 -2.38 -0.97 -10.92 0.36 0.53
D12S 0.75 -3.85 -1.68 -1.29 -0.61 -5.60 0.24 0.15
D12T 0.04 -2.65 -1.76 -1.55 -0.71 -5.10 0.26 0.20
D12V 0.73 -3.33 -2.74 -2.06 -0.59 -6.49 0.28 0.20
D12W -0.14 -4.92 -5.46 -3.42 -2.10 -15.33 0.43 0.89
D12Y 0.61 -4.80 -5.43 -2.84 -2.10 -12.63 0.42 0.36
L13A 0.86 -1.75 -0.21 0.04 -0.07 -3.10 0.12 0.06
L13C 0.43 -3.67 -4.15 -1.32 -0.93 -7.72 0.24 0.19
L13D 0.77 -1.44 -0.47 -1.23 -0.41 -6.55 0.23 0.21
L13E 0.48 -1.29 0.41 -0.66 -0.03 -5.84 0.17 0.16
L13F 0.67 -3.39 -3.53 -1.37 -1.45 -8.65 0.24 0.09
L13G 0.56 -0.61 0.40 -1.07 -0.07 -5.38 0.21 0.09
L13H 0.32 -3.11 -2.02 -1.74 -1.23 -7.00 0.26 0.12
L13I 0.66 -2.98 -1.75 -0.47 -1.00 -3.80 0.15 0.07
L13K 0.78 -1.34 -0.19 -0.78 -0.48 -7.45 0.18 0.14
L13M 0.47 -3.77 -3.54 -0.17 -0.84 -6.26 0.13 0.07
L13N 0.66 -2.75 -0.89 -1.11 -0.79 -6.46 0.23 0.10
L13P 0.59 -1.93 -0.46 -0.81 -0.24 -4.52 0.18 0.09
L13Q 0.63 -2.72 -0.62 -0.91 -0.46 -3.82 0.19 0.08
L13R 0.82 -3.10 -1.37 -1.26 -0.91 -8.95 0.23 0.15
L13S 0.81 -1.58 0.14 -0.70 -0.04 -4.56 0.18 0.07
L13T 0.68 -2.97 -0.75 -0.67 -0.01 -3.61 0.17 0.06
L13V 0.74 -0.76 -0.37 -0.40 -0.04 -2.51 0.14 0.06
L13W 0.63 -3.67 -6.46 -2.08 -1.98 -13.02 0.28 0.25
L13Y 0.71 -3.63 -3.41 -1.60 -1.95 -10.54 0.26 0.20
G14A 0.47 -2.71 -1.44 -0.67 -0.18 -7.65 0.18 0.09
G14C 0.65 -4.47 -5.20 -2.69 -1.70 -10.45 0.49 0.18
G14D 0.73 -1.48 -0.61 -1.22 -0.24 -9.07 0.23 0.26
G14E 0.72 -1.24 -0.37 -1.10 -0.05 -8.93 0.21 0.22
G14F 0.91 -3.99 -4.39 -3.10 -1.87 -15.30 0.49 0.48
G14H 0.96 -4.05 -2.90 -2.37 -2.12 -11.82 0.49 0.35
G14I 0.55 -3.29 -2.92 -3.06 -1.18 -11.96 0.35 0.20
G14K 0.84 -2.33 -0.90 -1.66 -0.74 -10.72 0.26 0.39
G14L 0.88 -3.32 -2.54 -3.04 -1.19 -12.40 0.40 0.22
G14M 0.53 -3.85 -2.91 -2.64 -1.20 -13.21 0.40 0.28
G14N 0.82 -3.57 -1.99 -1.27 -0.70 -7.02 0.34 0.19
G14P -0.05 -3.32 -1.55 -1.95 -0.79 -9.78 0.27 0.30
G14Q 0.84 -3.55 -1.77 -1.55 -0.78 -10.14 0.26 0.25
G14R 0.67 -3.55 -2.33 -2.08 -0.11 -12.37 0.36 0.38
G14S 0.51 -2.63 -0.84 -1.00 -0.28 -7.29 0.21 0.09
G14T 0.39 -4.14 -1.93 -1.58 -0.74 -8.69 0.26 0.09
G14V 0.83 -1.48 -1.08 -2.44 -0.27 -9.66 0.35 0.12
G14W 0.62 -4.50 -5.11 -3.08 -2.01 -16.90 0.49 0.49
G14Y 0.98 -4.56 -4.22 -2.98 -2.24 -15.68 0.49 0.45
D15A 0.74 -1.99 -0.85 -1.37 -0.69 -6.06 0.24 0.21
D15C 0.64 -3.50 -3.66 -2.86 -1.24 -10.40 0.53 0.56
D15E 0.71 -0.94 -0.22 -0.68 -0.01 -2.62 0.18 0.08
D15F 0.65 -3.79 -3.78 -3.17 -1.65 -12.08 0.47 0.61
D15G 0.74 -0.76 -0.59 -1.43 -0.51 -7.72 0.29 0.18
D15H 0.87 -3.90 -2.68 -2.34 -1.80 -9.40 0.53 0.39
D15I 0.38 -3.36 -2.63 -2.51 -0.40 -8.30 0.39 0.35
D15K 0.64 -1.24 -0.52 -1.88 -0.30 -10.43 0.26 0.41
D15L 0.61 -3.81 -2.58 -3.00 -1.03 -9.13 0.42 0.38
D15N 0.79 -2.74 -1.57 -1.15 -0.45 -6.84 0.35 0.14
D15P 0.70 -2.16 -0.68 -1.27 -0.82 -7.19 0.23 0.45
D15Q 0.39 -2.52 -1.07 -1.63 -1.08 -7.00 0.32 0.28
D15R 0.74 -3.21 -1.77 -2.49 -1.09 -13.24 0.42 0.48
D15S 0.56 -2.30 -0.96 -1.18 -0.47 -6.69 0.27 0.15
D15T 0.25 -2.31 -1.05 -1.75 -0.70 -6.66 0.32 0.23
D15V 0.75 -1.88 -1.26 -2.03 -0.72 -6.02 0.27 0.23
D15W 0.22 -4.08 -7.39 -3.72 -2.41 -16.03 0.54 0.88
D15Y 0.48 -3.93 -3.63 -3.00 -1.82 -12.61 0.47 0.40
K16A 0.72 -3.74 -2.42 -1.34 -0.57 -8.41 0.24 0.41
K16C 0.52 -5.31 -5.41 -3.37 -1.37 -11.31 0.52 0.69
K16D 0.38 -3.49 -2.29 -1.59 -0.52 -12.20 0.27 0.56
K16E 0.71 -2.66 -1.63 -0.98 -0.09 -10.83 0.21 0.29
K16F 0.68 -5.01 -4.60 -3.73 -1.78 -14.20 0.42 0.88
K16G 0.69 -3.68 -2.83 -1.95 -0.67 -9.20 0.35 0.37
K16H 0.83 -5.34 -3.78 -2.38 -1.35 -8.78 0.51 0.37
K16I 0.67 -4.62 -3.94 -3.38 -1.14 -11.10 0.37 0.55
K16L 0.63 -3.92 -2.92 -3.21 -1.16 -11.21 0.48 0.53
K16M 0.72 -4.67 -3.83 -2.68 -1.19 -11.48 0.47 0.52
K16N 0.67 -3.59 -2.36 -1.33 -0.46 -8.25 0.30 0.55
K16P 0.75 -3.58 -2.11 -1.86 -0.79 -9.91 0.27 0.50
K16Q 0.60 -4.21 -2.65 -1.20 -0.14 -6.40 0.25 0.16
K16R 0.70 -3.47 -2.60 -1.39 -0.14 -6.81 0.33 0.08
K16S 0.74 -3.78 -2.09 -1.28 -0.43 -8.76 0.25 0.46
K16T 0.67 -3.00 -2.00 -1.82 -0.21 -9.28 0.27 0.30
K16V 0.63 -4.71 -3.03 -2.68 -0.95 -9.55 0.34 0.46
K16W 0.34 -5.44 -8.76 -3.80 -2.11 -16.07 0.55 0.86
K16Y 0.59 -4.84 -4.34 -3.28 -1.89 -13.99 0.52 0.79
K17A 0.58 -3.29 -1.97 -0.56 -0.37 -9.21 0.17 0.48
K17C 0.51 -4.89 -4.00 -2.73 -1.71 -12.66 0.54 0.84
K17D 0.65 -3.73 -1.72 -1.65 -0.54 -13.08 0.26 0.64
K17E 0.87 -2.66 -1.09 -1.05 -0.52 -10.87 0.22 0.36
K17F 0.53 -5.10 -4.45 -3.27 -1.77 -16.57 0.48 0.93
K17G 0.51 -3.38 -1.92 -1.48 -0.57 -9.02 0.25 0.45
K17H 0.62 -4.97 -3.58 -2.35 -1.61 -9.86 0.54 0.51
K17I 0.49 -4.81 -3.23 -2.96 -0.38 -13.42 0.48 0.67
K17L 0.57 -4.11 -2.63 -2.66 -1.13 -12.80 0.37 0.62
K17M 0.59 -5.18 -3.91 -2.25 -1.12 -12.83 0.38 0.59
K17N 0.75 -3.74 -2.19 -1.09 -0.25 -8.42 0.28 0.62
K17P 0.63 -2.82 -1.41 -1.95 -0.81 -9.70 0.27 0.47
K17Q 0.72 -3.47 -1.46 -1.30 -0.43 -5.86 0.31 0.21
K17R 0.80 -4.35 -2.60 -1.18 -0.08 -7.63 0.39 0.10
K17S 0.69 -3.47 -1.43 -0.81 -0.38 -9.27 0.20 0.58
K17T 1.32 -4.47 -2.29 -1.35 -0.62 -9.80 0.24 0.37
K17V 0.95 -4.17 -2.75 -2.33 -0.89 -11.58 0.35 0.57
K17W 0.65 -5.47 -8.48 -3.49 -2.43 -17.54 0.53 0.92
K17Y 0.62 -4.63 -4.96 -2.97 -1.90 -16.06 0.52 0.87
E18A 0.69 -2.02 -1.25 -2.17 -0.47 -8.99 0.30 0.26
E18C 0.27 -4.06 -4.47 -4.07 -1.49 -15.56 0.56 0.88
E18D 0.87 -1.46 -1.29 -0.85 -0.12 -6.71 0.20 0.08
E18F 0.65 -4.11 -4.87 -3.96 -2.65 -17.96 0.53 0.89
E18G 0.90 -2.25 -1.61 -2.23 -1.01 -9.81 0.30 0.25
E18H 0.69 -4.13 -3.35 -2.28 -2.10 -14.79 0.47 0.73
E18I 0.61 -3.94 -3.77 -3.71 -2.01 -15.21 0.52 0.63
E18K 0.81 -1.05 -0.87 -1.33 -0.49 -14.71 0.25 0.54
E18L 0.58 -3.71 -3.10 -3.78 -1.34 -14.73 0.42 0.65
E18M 0.75 -3.37 -4.01 -3.23 -1.50 -15.63 0.46 0.75
E18N 0.71 -3.69 -2.09 -1.60 -0.73 -11.68 0.27 0.36
E18P 0.64 -2.69 -1.66 -2.58 -0.87 -11.35 0.33 0.46
E18Q 0.74 -2.16 -1.33 -1.23 -0.88 -9.54 0.25 0.34
E18R 0.68 -3.89 -2.97 -2.22 -1.64 -18.38 0.34 0.64
E18S 0.69 -1.91 -1.27 -1.57 -0.97 -9.89 0.27 0.30
E18T 0.54 -2.46 -1.96 -2.34 -0.71 -10.84 0.35 0.35
E18V 0.65 -2.83 -2.17 -3.15 -0.91 -12.14 0.38 0.41
E18W 0.77 -4.34 -5.49 -4.11 -2.91 -20.97 0.56 0.96
E18Y 0.62 -4.44 -3.97 -3.51 -2.09 -18.21 0.55 0.83
G19A 0.69 -2.46 -1.43 -1.27 -0.69 -6.55 0.25 0.21
G19C 0.66 -4.53 -4.07 -3.13 -0.80 -9.16 0.37 0.47
G19D 0.70 -2.85 -1.35 -1.46 -0.09 -7.70 0.26 0.66
G19E 0.81 -1.67 -0.91 -1.76 -0.00 -8.43 0.27 0.66
G19F 1.13 -4.03 -3.71 -3.46 -2.92 -11.97 0.47 0.89
G19H 0.62 -4.45 -3.30 -2.32 -2.09 -10.56 0.35 0.83
G19I 0.70 -3.97 -3.43 -3.48 -1.70 -12.28 0.36 0.66
G19K 0.82 -3.04 -1.43 -2.03 -0.92 -11.67 0.29 0.88
G19L 0.72 -3.59 -3.24 -3.36 -1.43 -10.52 0.42 0.73
G19M 1.00 -4.39 -3.68 -2.85 -1.71 -11.42 0.46 0.69
G19N 0.74 -3.20 -1.65 -1.16 -0.18 -6.20 0.24 0.43
G19P 0.60 -2.08 -0.75 -2.31 -1.06 -9.00 0.34 0.74
G19Q 0.61 -2.87 -1.57 -1.90 -0.50 -9.31 0.27 0.69
G19R 0.92 -3.92 -2.33 -2.38 -0.65 -12.00 0.35 0.86
G19S 0.66 -2.84 -0.94 -0.79 -0.43 -3.97 0.19 0.19
G19T 0.96 -3.35 -1.79 -1.78 -0.40 -6.26 0.27 0.25
G19V 0.77 -3.21 -2.48 -2.95 -1.12 -9.73 0.34 0.43
G19W 0.52 -3.77 -4.50 -3.43 -2.92 -13.26 0.56 0.87
G19Y 0.60 -4.19 -4.07 -3.26 -2.92 -12.39 0.41 0.85
E20A 0.61 -4.08 -2.63 -4.07 -1.97 -5.98 0.38 0.56
E20C 0.28 -5.45 -5.45 -6.02 -3.31 -12.77 0.59 0.96
E20D 0.68 -3.58 -2.68 -1.28 -0.07 -2.94 0.25 0.10
E20F 0.73 -5.60 -6.34 -5.71 -3.93 -15.04 0.60 0.98
E20G 0.78 -4.81 -3.37 -4.36 -1.10 -8.09 0.41 0.55
E20H 0.54 -5.21 -4.41 -3.68 -2.75 -11.51 0.49 0.89
E20I 0.73 -5.48 -5.39 -5.52 -2.53 -12.96 0.50 0.89
E20K 0.82 -3.94 -2.41 -2.89 -1.10 -11.99 0.35 0.78
E20L 0.68 -4.60 -4.06 -5.68 -2.59 -11.46 0.48 0.88
E20M 0.73 -4.95 -4.32 -5.02 -3.09 -13.48 0.55 0.92
E20N 1.02 -3.67 -2.64 -3.08 -1.20 -7.62 0.35 0.54
E20P 1.29 -5.22 -3.42 -4.13 -2.31 -6.79 0.40 0.85
E20Q 0.76 -4.28 -2.84 -2.26 -0.81 -7.89 0.31 0.50
E20R 0.86 -5.96 -3.64 -3.74 -2.54 -15.84 0.40 0.81
E20S 0.90 -5.31 -3.09 -3.44 -1.68 -6.49 0.36 0.54
E20T -0.10 -3.23 -2.32 -4.00 -1.99 -7.97 0.38 0.67
E20V 0.69 -3.53 -3.45 -4.93 -2.55 -10.26 0.42 0.76
E20W 0.27 -5.78 -6.36 -5.74 -3.93 -18.98 0.60 0.99
E20Y 0.89 -5.72 -5.51 -5.17 -2.70 -15.21 0.55 0.95
Y21A 0.46 -5.53 -3.27 -5.66 -1.06 -12.32 0.45 0.96
Y21C 0.79 -4.64 -3.93 -6.19 -0.70 -9.35 0.49 0.94
Y21D 0.33 -4.56 -2.93 -5.85 -1.03 -12.37 0.48 0.95
Y21E 0.32 -4.68 -2.28 -5.32 -3.53 -12.14 0.44 0.98
Y21F 0.90 -4.00 -3.31 -2.67 -1.48 -3.36 0.40 0.31
Y21G 0.44 -5.07 -3.08 -5.88 -3.98 -13.76 0.44 0.92
Y21H 1.02 -1.72 -0.59 -1.50 -0.53 -4.59 0.28 0.90
Y21I 0.60 -4.62 -2.73 -5.45 -3.31 -9.67 0.45 0.95
Y21K 0.66 -3.67 -1.55 -5.70 -3.04 -14.74 0.45 0.98
Y21L 0.53 -4.75 -3.01 -5.49 -3.14 -9.50 0.45 0.95
Y21N 0.58 -6.05 -3.23 -5.15 -1.23 -9.42 0.49 0.85
Y21P 0.67 -5.21 -2.74 -6.56 -2.92 -12.14 0.45 0.98
Y21Q 0.83 -4.90 -2.59 -4.83 -2.84 -9.93 0.44 0.99
Y21R 0.58 -3.55 -2.16 -5.55 -2.87 -12.59 0.45 0.98
Y21S 0.71 -4.07 -2.14 -5.39 -2.64 -9.74 0.44 0.92
Y21T 0.85 -4.39 -2.03 -5.78 -2.47 -10.73 0.45 0.95
Y21V 0.53 -4.25 -2.78 -5.45 -1.47 -10.60 0.45 0.91
Y21W 0.66 -5.94 -5.10 -3.81 -2.92 -8.32 0.60 0.78
I22A 0.06 -5.36 -5.37 -4.52 -4.97 -12.84 0.53 0.99
I22C 1.00 -7.05 -6.53 -4.52 -5.37 -13.95 0.64 0.99
I22D -0.07 -6.32 -7.25 -6.23 -6.10 -19.81 0.65 1.00
I22E -0.27 -6.36 -7.90 -6.29 -5.44 -18.89 0.64 1.00
I22F 0.22 -2.78 -2.82 -3.59 -4.22 -13.10 0.60 0.94
I22G 0.30 -6.03 -5.82 -7.24 -6.93 -16.87 0.65 1.00
I22H 0.25 -6.16 -7.55 -6.08 -5.22 -17.27 0.65 1.00
I22K 0.04 -5.95 -6.00 -6.27 -6.71 -17.39 0.65 0.99
I22L 0.39 -3.33 -2.40 -1.59 -1.67 -9.84 0.30 0.48
I22M 0.73 -4.20 -3.54 -2.59 -2.14 -10.75 0.53 0.76
I22N 0.00 -6.20 -6.40 -6.23 -4.69 -16.62 0.65 1.00
I22P 0.41 -6.23 -7.80 -6.34 -5.37 -16.33 0.65 1.00
I22Q 0.07 -5.46 -5.59 -6.27 -4.86 -16.62 0.64 0.99
I22R 0.37 -5.67 -5.49 -6.27 -6.71 -17.79 0.66 0.99
I22S 0.34 -6.10 -5.85 -5.43 -4.14 -14.80 0.65 0.99
I22T 0.87 -5.59 -4.96 -4.52 -2.05 -12.09 0.60 0.99
I22V 0.51 -4.47 -3.50 -0.93 -0.57 -7.03 0.25 0.49
I22W -0.05 -5.38 -5.01 -6.27 -5.87 -17.96 0.65 1.00
I22Y -0.14 -5.94 -4.67 -4.52 -5.87 -16.22 0.64 0.99
K23A 0.54 -5.07 -4.47 -4.19 -2.60 -8.62 0.35 0.97
K23C 0.39 -5.22 -4.65 -5.74 -2.71 -9.47 0.38 0.95
K23D 0.35 -5.08 -3.71 -3.23 -1.90 -12.24 0.34 0.99
K23E 0.61 -3.05 -2.30 -2.35 -0.39 -12.38 0.34 0.98
K23F -0.01 -5.75 -5.51 -5.74 -4.00 -12.88 0.36 0.99
K23G 0.32 -5.26 -5.31 -4.13 -4.28 -7.56 0.37 0.97
K23H 0.61 -4.11 -3.14 -3.15 -3.15 -6.79 0.32 0.82
K23I 0.76 -5.02 -4.26 -5.74 -2.61 -10.22 0.36 0.95
K23L 0.82 -4.33 -3.22 -5.13 -2.90 -10.31 0.35 0.93
K23M 0.58 -5.04 -4.21 -4.19 -2.96 -10.21 0.36 0.91
K23N 0.54 -2.72 -1.27 -0.93 -0.95 -2.71 0.15 0.95
K23P -0.10 -5.39 -3.63 -4.23 -4.69 -9.49 0.35 0.99
K23Q 0.76 -4.04 -2.64 -2.31 -0.59 -5.31 0.31 0.81
K23R 0.93 -4.65 -2.95 -1.56 -0.56 -4.37 0.19 0.20
K23S 0.70 -4.08 -2.20 -2.63 -2.16 -6.26 0.31 0.96
K23T 0.64 -4.07 -1.97 -3.52 -0.57 -6.34 0.31 0.86
K23V 0.77 -5.37 -4.29 -5.17 -3.07 -10.20 0.36 0.92
K23W 0.96 -5.41 -4.82 -6.07 -4.74 -14.39 0.44 0.98
K23Y 0.14 -5.54 -4.59 -4.80 -3.98 -11.48 0.43 0.97
L24A 0.09 -6.23 -7.75 -4.26 -4.45 -15.69 0.46 0.99
L24C 0.60 -6.30 -10.88 -4.36 -5.86 -15.15 0.49 1.00
L24D -0.02 -6.00 -8.21 -6.95 -6.26 -17.02 0.49 1.00
L24E -0.18 -6.30 -10.88 -6.04 -6.26 -16.86 0.49 1.00
L24F 0.14 -5.70 -4.68 -3.48 -4.45 -10.35 0.39 0.99
L24G 0.03 -6.30 -10.88 -7.01 -5.87 -17.17 0.49 1.00
L24H -0.00 -5.60 -7.40 -6.07 -5.71 -16.12 0.49 1.00
L24I 0.40 -2.09 -1.59 -1.48 -0.85 -8.04 0.19 0.55
L24K 0.32 -6.26 -9.76 -5.16 -6.38 -17.45 0.48 1.00
L24M 0.37 -4.95 -5.11 -1.66 -2.79 -11.02 0.37 0.91
L24N 0.06 -5.80 -7.20 -6.07 -5.08 -17.09 0.49 1.00
L24P -0.03 -6.30 -10.86 -6.11 -4.76 -13.88 0.46 1.00
L24Q 0.09 -6.30 -10.88 -5.19 -6.26 -15.16 0.49 1.00
L24R 0.01 -6.38 -7.57 -5.09 -3.19 -15.75 0.48 1.00
L24S -0.14 -6.22 -8.20 -5.20 -3.45 -14.99 0.45 1.00
L24T 0.48 -5.94 -6.70 -4.25 -4.33 -15.29 0.48 1.00
L24V 0.81 -2.98 -2.26 -2.32 -0.67 -9.25 0.33 0.79
L24W -0.12 -6.30 -10.88 -5.36 -4.23 -17.03 0.49 1.00
L24Y -0.07 -6.33 -7.17 -4.32 -5.71 -17.80 0.47 1.00
K25D -0.20 -5.81 -5.68 -5.12 -3.97 -21.19 0.49 1.00
K25E 0.13 -6.19 -5.54 -3.25 -3.97 -17.81 0.48 0.99
K25F 0.10 -6.11 -4.92 -6.85 -4.73 -20.86 0.45 1.00
K25G -0.03 -6.65 -7.63 -5.93 -5.34 -18.45 0.50 0.99
K25H 1.01 -5.76 -4.68 -4.78 -4.01 -17.08 0.42 0.94
K25I 0.53 -4.85 -4.24 -6.84 -3.44 -16.08 0.39 0.98
K25L -0.12 -5.98 -4.46 -5.90 -3.90 -16.54 0.45 0.98
K25M 0.07 -6.67 -5.81 -4.92 -3.80 -15.48 0.46 0.97
K25N 0.70 -5.31 -4.09 -4.04 -1.27 -13.13 0.38 1.00
K25P 0.12 -6.66 -7.33 -5.15 -6.98 -20.62 0.49 1.00
K25Q 0.46 -5.59 -5.18 -2.96 -1.76 -15.39 0.40 0.93
K25R 0.78 -3.89 -3.76 -1.68 -0.40 -8.06 0.21 0.25
K25S 0.56 -4.67 -4.06 -4.20 -3.69 -14.84 0.40 0.99
K25T 0.58 -5.78 -4.17 -4.95 -3.37 -12.99 0.38 0.96
K25V 0.61 -6.01 -4.79 -6.08 -3.53 -16.26 0.37 0.96
K25W -0.04 -7.02 -6.98 -6.82 -5.19 -19.19 0.50 0.99
K25Y -0.02 -5.94 -4.59 -5.89 -4.69 -20.31 0.49 0.99
V26A 0.88 -4.53 -4.03 -3.73 -4.21 -11.91 0.50 0.99
V26E 0.03 -6.38 -7.54 -5.61 -6.84 -16.74 0.51 1.00
V26F 0.17 -5.45 -4.14 -4.58 -4.48 -14.19 0.46 0.99
V26G 0.16 -6.46 -7.75 -6.54 -5.32 -15.83 0.52 0.97
V26I 0.48 -3.34 -2.62 -0.92 -0.29 -6.79 0.17 0.82
V26K 0.14 -6.45 -8.35 -5.60 -7.52 -18.47 0.51 1.00
V26L 1.26 -3.39 -2.98 -2.78 -2.95 -11.51 0.37 0.99
V26M 0.00 -5.11 -5.13 -2.77 -3.05 -12.71 0.49 1.00
V26N -0.37 -6.35 -7.73 -6.53 -7.04 -17.10 0.51 1.00
V26Q 0.19 -6.47 -9.65 -5.60 -7.04 -17.48 0.51 1.00
V26Y -0.03 -6.61 -6.65 -4.61 -5.44 -17.75 0.51 1.00
I27A -0.05 -5.17 -3.31 -1.80 -1.70 -4.02 0.18 0.64
I27C 0.45 -6.38 -4.60 -2.72 -2.28 -8.44 0.26 0.90
I27F 0.61 -5.95 -4.68 -2.72 -3.36 -8.81 0.28 0.70
I27G 0.05 -6.16 -4.49 -4.48 -3.33 -8.46 0.30 0.96
I27K 0.71 -3.74 -0.63 -3.47 -0.65 -3.66 0.25 0.84
I27L 1.00 -4.97 -2.48 -1.02 -0.51 -4.26 0.15 0.39
I27M 0.32 -3.09 -2.15 -1.30 -0.41 -4.99 0.15 0.28
I27N 0.58 -4.41 -2.35 -3.94 -2.19 -7.39 0.27 0.93
I27P -0.03 -6.21 -5.52 -3.74 -4.12 -12.00 0.35 1.00
I27R 0.11 -5.50 -2.13 -3.87 -2.19 -7.40 0.27 0.76
I27S 0.10 -5.70 -3.08 -2.83 -0.62 -5.78 0.25 0.80
I27T 0.47 -5.25 -3.02 -1.44 -0.13 -5.37 0.16 0.40
I27V 0.61 -2.29 -1.14 0.25 -0.29 -2.36 0.10 0.14
I27W 0.94 -5.86 -5.70 -4.40 -3.49 -11.74 0.36 0.96
I27Y 0.13 -5.51 -4.03 -3.04 -3.58 -11.48 0.35 0.94
G28A 0.95 -4.58 -3.91 -4.66 -1.16 -10.40 0.29 0.88
G28C -0.20 -4.57 -4.82 -7.25 -3.32 -13.08 0.41 0.97
G28E 0.21 -5.81 -4.95 -6.25 -1.39 -13.51 0.31 1.00
G28H 0.08 -5.40 -4.70 -6.30 -3.68 -13.92 0.32 1.00
G28L -0.24 -3.79 -3.09 -8.08 -3.59 -15.00 0.32 0.99
G28R 0.65 -2.97 -3.55 -6.29 -1.26 -13.28 0.37 0.99
G28W 0.45 -5.39 -5.50 -6.63 -4.19 -15.26 0.45 1.00
Q29F -0.04 -6.19 -5.11 -6.69 -3.93 -17.54 0.35 0.98
Q29G -0.06 -6.70 -5.98 -5.53 -3.93 -15.65 0.34 0.55
Q29H 0.49 -6.64 -5.22 -4.07 -2.20 -12.46 0.38 0.96
Q29K 1.15 -6.27 -4.75 -3.13 -1.28 -15.38 0.32 0.94
Q29L 0.68 -5.43 -3.98 -5.88 -1.55 -13.50 0.36 0.91
Q29N 1.44 -6.50 -5.08 -3.74 -1.39 -12.42 0.31 0.58
Q29P 0.74 -5.09 -3.51 -4.91 -3.45 -13.26 0.34 0.77
Q29R 0.88 -6.53 -5.23 -3.28 -2.98 -14.99 0.37 0.92
Q29S 0.19 -5.02 -3.90 -3.39 -2.08 -10.55 0.30 0.33
D30A 0.75 -5.54 -4.25 -7.53 -2.70 -12.94 0.37 0.97
D30C -0.25 -6.34 -5.10 -8.57 -4.37 -17.04 0.47 1.00
D30E 0.52 -6.83 -4.88 -3.62 -0.07 -5.41 0.30 0.89
D30F 0.10 -6.33 -6.19 -8.49 -4.92 -17.17 0.44 0.99
D30G 0.81 -4.93 -3.77 -6.74 -1.19 -12.03 0.34 0.90
D30H 0.43 -5.01 -4.93 -6.62 -3.68 -13.85 0.37 0.99
D30I -0.03 -5.84 -4.99 -8.46 -4.29 -16.97 0.48 0.99
D30K 0.21 -5.22 -4.11 -6.54 -3.75 -15.51 0.35 0.99
D30L 0.33 -6.09 -5.40 -9.33 -3.95 -16.38 0.44 0.98
D30N 0.82 -5.01 -3.49 -4.78 -2.37 -11.42 0.33 0.87
D30P 0.31 -6.14 -5.46 -6.66 -5.80 -16.47 0.43 1.00
D30Q 0.37 -4.98 -4.19 -5.56 -1.05 -13.22 0.34 0.98
D30R 0.59 -6.02 -4.65 -7.49 -2.85 -18.60 0.43 0.99
D30S -0.03 -4.24 -3.03 -5.68 -2.57 -13.81 0.34 0.94
D30T 0.52 -5.59 -4.02 -6.63 -3.22 -14.18 0.34 0.97
D30V 0.08 -5.14 -4.75 -8.41 -3.31 -14.15 0.41 0.96
D30W 0.04 -6.91 -6.46 -9.43 -4.24 -19.07 0.47 1.00
D30Y 0.23 -6.50 -5.73 -8.48 -3.67 -15.43 0.47 0.97
S31C 0.56 -4.81 -4.77 -4.03 -2.35 -13.04 0.38 0.27
S31D -0.21 -3.81 -2.54 -2.19 -2.15 -12.05 0.23 0.81
S31F 0.97 -4.69 -4.81 -4.46 -3.23 -13.72 0.35 0.84
S31G 0.59 -2.37 -0.43 -0.90 -0.40 -7.87 0.15 0.11
S31H -0.14 -4.25 -3.64 -2.84 -2.54 -11.82 0.31 0.64
S31I 0.48 -4.52 -3.67 -4.63 -4.00 -12.06 0.43 0.87
S31K 0.01 -3.58 -2.32 -2.50 -2.66 -13.65 0.30 0.95
S31L -0.04 -4.93 -4.58 -4.57 -3.88 -12.29 0.43 0.56
S31M -0.19 -5.14 -3.97 -3.53 -3.31 -11.74 0.38 0.58
S31N 0.71 -1.56 -1.13 -0.27 -0.15 -6.58 0.11 0.20
S31P 0.48 -5.51 -5.03 -3.55 -4.92 -14.93 0.33 0.96
S31R 0.86 -4.39 -2.74 -2.87 -2.62 -14.26 0.30 0.94
S31T 0.47 -3.79 -2.90 -1.93 -0.95 -6.53 0.20 0.26
S31V -0.11 -5.44 -4.09 -4.42 -3.68 -10.56 0.36 0.78
S31W 0.97 -4.97 -4.55 -4.97 -4.32 -16.80 0.39 0.93
S31Y 0.98 -4.92 -4.64 -4.23 -3.18 -13.96 0.43 0.74
S32A 0.83 -4.18 -3.22 -2.29 -2.00 -7.46 0.26 0.23
S32C 0.47 -4.85 -4.99 -4.22 -2.27 -10.62 0.43 0.47
S32D 0.13 -4.52 -3.09 -2.52 -2.20 -10.13 0.25 0.92
S32F 0.31 -5.09 -4.81 -4.93 -2.87 -11.37 0.30 0.94
S32G 0.74 -4.70 -3.63 -2.50 -1.89 -7.84 0.25 0.29
S32H 0.19 -3.68 -3.18 -3.19 -2.70 -8.37 0.27 0.85
S32I 0.62 -5.14 -3.76 -4.88 -3.09 -9.83 0.30 0.89
S32K 0.96 -4.95 -2.71 -2.76 -2.78 -9.83 0.25 0.98
S32L 0.25 -5.08 -4.18 -4.88 -2.98 -9.79 0.39 0.70
S32M 0.53 -5.47 -4.33 -3.98 -3.18 -10.52 0.40 0.71
S32N 0.74 -3.38 -1.79 -0.69 -0.55 -3.26 0.13 0.45
S32P 0.14 -4.59 -4.54 -3.92 -3.48 -9.32 0.29 0.99
S32R 0.73 -5.05 -2.90 -3.37 -2.92 -10.36 0.25 0.97
S32T 0.49 -3.16 -2.53 -2.07 -0.34 -5.62 0.19 0.21
S32V 1.02 -4.99 -3.97 -4.70 -2.95 -9.42 0.29 0.79
S32W 0.34 -5.45 -5.86 -5.81 -3.11 -14.83 0.39 0.96
S32Y 0.23 -4.91 -4.33 -4.64 -2.94 -11.69 0.39 0.91
E33A 0.36 -5.43 -4.96 -4.51 -2.72 -12.81 0.35 0.91
E33C 0.03 -6.88 -6.02 -7.05 -3.61 -16.80 0.44 0.99
E33D 0.14 -5.30 -4.97 -2.38 -0.42 -7.92 0.34 0.94
E33F -0.08 -7.41 -6.39 -6.26 -4.48 -16.84 0.49 1.00
E33G 0.03 -7.33 -6.26 -5.75 -2.30 -13.66 0.36 0.96
E33H 0.01 -7.09 -5.72 -4.18 -4.28 -13.90 0.43 0.99
E33I 0.87 -5.93 -4.70 -5.61 -2.64 -13.95 0.39 0.97
E33K 0.48 -5.62 -4.00 -3.23 -3.58 -15.50 0.36 0.98
E33L 0.35 -7.15 -5.32 -5.97 -2.66 -13.22 0.42 0.99
E33M 0.20 -7.50 -5.59 -5.15 -2.92 -14.37 0.44 0.99
E33N 0.29 -6.82 -5.44 -3.98 -3.40 -13.66 0.43 0.98
E33P 0.17 -6.37 -4.93 -4.80 -4.89 -14.82 0.43 0.99
E33Q 0.51 -7.13 -5.09 -2.42 -2.87 -10.19 0.33 0.89
E33R 0.29 -6.65 -4.75 -4.21 -3.81 -18.68 0.35 0.98
E33S 0.44 -5.97 -4.51 -3.98 -3.62 -13.95 0.35 0.95
E33T -0.26 -6.20 -4.67 -4.47 -3.06 -13.50 0.36 0.94
E33V 0.57 -5.39 -3.97 -4.67 -2.55 -10.62 0.35 0.89
E33W -0.11 -6.88 -7.13 -6.63 -5.18 -18.61 0.49 1.00
E33Y 0.61 -7.20 -6.52 -5.48 -4.75 -16.82 0.46 1.00
I34A 0.14 -4.25 -3.54 -3.64 -3.00 -11.33 0.34 0.99
I34C 0.10 -5.52 -4.81 -4.15 -3.93 -14.51 0.35 0.99
I34D -0.05 -5.44 -5.29 -6.05 -3.89 -15.68 0.35 1.00
I34E 0.00 -5.47 -4.56 -5.54 -3.55 -13.93 0.43 1.00
I34F 1.18 -3.63 -2.52 -3.72 -2.42 -11.57 0.33 0.92
I34G -0.02 -5.56 -5.53 -6.51 -5.34 -15.83 0.45 1.00
I34H 0.22 -4.34 -3.42 -6.05 -4.22 -13.82 0.43 1.00
I34K 0.05 -4.90 -3.93 -5.50 -3.84 -15.84 0.34 1.00
I34L 0.47 -3.90 -2.40 -1.79 -1.55 -6.01 0.20 0.84
I34M 0.54 -4.04 -3.28 -2.12 -2.09 -8.65 0.21 0.81
I34N 0.05 -4.35 -4.40 -5.98 -4.28 -14.17 0.48 0.99
I34P 0.14 -5.49 -6.22 -5.54 -5.02 -15.03 0.47 1.00
I34Q -0.00 -5.41 -4.68 -5.47 -3.79 -11.26 0.34 1.00
I34R 0.34 -5.17 -4.18 -5.98 -4.14 -15.71 0.39 0.99
I34S 0.20 -4.86 -3.91 -4.99 -2.40 -12.51 0.40 0.99
I34T 0.59 -2.99 -2.05 -3.47 -1.02 -10.10 0.31 0.98
I34V 0.75 -1.86 -0.71 0.07 -0.51 -5.28 0.11 0.48
I34W -0.13 -4.67 -4.78 -6.02 -4.59 -14.76 0.48 0.99
I34Y 0.17 -5.03 -3.26 -4.19 -4.28 -14.66 0.36 0.98
H35A 0.41 -5.74 -2.94 -7.02 -2.95 -12.65 0.31 0.94
H35C 0.85 -4.80 -3.43 -7.97 -3.27 -11.19 0.32 0.71
H35D 0.56 -4.67 -3.06 -6.47 -2.54 -12.23 0.32 0.98
H35E 0.39 -3.77 -1.94 -5.46 -3.02 -12.84 0.31 0.98
H35F 0.71 -4.00 -1.95 -5.83 -2.02 -3.56 0.31 0.57
H35G 0.31 -6.26 -4.28 -7.46 -4.68 -12.26 0.44 0.97
H35I 0.62 -6.62 -3.87 -7.53 -2.74 -11.20 0.32 0.93
H35K 0.66 -6.49 -3.57 -6.24 -3.68 -13.72 0.31 0.98
H35L 0.54 -5.46 -3.32 -7.40 -1.95 -7.92 0.31 0.78
H35M 0.59 -5.98 -4.24 -6.55 -3.11 -11.41 0.32 0.94
H35N 0.60 -5.82 -3.57 -5.04 -2.68 -8.44 0.32 0.84
H35P 0.23 -6.70 -3.06 -7.32 -3.78 -9.78 0.34 0.94
H35Q 0.63 -4.90 -3.05 -5.00 -1.19 -7.21 0.30 0.91
H35R 0.72 -5.14 -2.97 -5.56 -3.30 -11.24 0.30 0.93
H35S 0.51 -5.80 -3.12 -6.27 -2.98 -10.22 0.31 0.90
H35V 0.58 -5.90 -3.19 -7.53 -3.06 -10.96 0.31 0.92
H35W 0.80 -6.26 -6.19 -6.92 -2.70 -10.80 0.34 0.72
H35Y 0.72 -4.40 -3.19 -3.65 -0.40 -5.91 0.27 0.56
F36A 0.10 -5.59 -5.91 -7.85 -4.81 -18.18 0.52 1.00
F36C 0.06 -5.83 -6.01 -7.85 -4.94 -13.51 0.48 1.00
F36D 0.14 -6.78 -9.13 -8.83 -7.84 -18.91 0.52 1.00
F36E -0.14 -6.79 -7.95 -8.83 -7.84 -19.99 0.52 1.00
F36G 0.06 -6.58 -8.38 -8.83 -7.84 -18.20 0.52 1.00
F36I 0.14 -4.89 -3.56 -5.89 -3.82 -11.66 0.39 1.00
F36L 0.03 -3.99 -3.46 -5.89 -1.21 -9.71 0.42 1.00
F36M -0.31 -5.70 -4.76 -5.89 -4.41 -12.81 0.51 1.00
F36N -0.03 -6.75 -9.10 -8.83 -7.84 -16.39 0.52 1.00
F36P 0.07 -6.55 -7.28 -9.81 -7.84 -19.54 0.52 1.00
F36Q 0.12 -7.00 -7.06 -8.83 -7.84 -16.85 0.52 1.00
F36R 0.09 -6.07 -5.97 -8.83 -5.64 -18.49 0.46 1.00
F36S 0.06 -6.08 -6.50 -7.85 -5.28 -15.54 0.52 1.00
F36V 0.11 -5.58 -4.03 -6.87 -3.81 -12.23 0.39 1.00
F36W -0.16 -6.66 -7.72 -4.91 -4.73 -12.57 0.51 0.97
F36Y 0.55 -4.13 -4.28 -2.94 -2.91 -7.42 0.37 0.92
K37A 0.83 -5.97 -4.89 -4.88 -3.84 -15.11 0.41 0.99
K37C -0.09 -5.74 -5.28 -6.85 -3.48 -14.49 0.51 0.99
K37D 0.25 -4.89 -3.59 -5.13 -4.54 -17.02 0.47 1.00
K37E 0.07 -4.57 -3.07 -3.17 -1.38 -16.22 0.43 1.00
K37F 0.02 -5.62 -4.64 -6.85 -5.37 -18.06 0.51 1.00
K37G 0.12 -6.19 -5.11 -5.87 -5.02 -14.85 0.46 0.99
K37H 0.07 -4.87 -4.06 -4.56 -4.82 -14.56 0.50 0.97
K37I -0.03 -4.87 -4.22 -6.85 -4.65 -15.60 0.50 0.99
K37L 0.43 -5.01 -4.30 -5.87 -4.53 -12.78 0.46 0.99
K37M 0.25 -5.64 -4.56 -4.85 -4.32 -13.86 0.47 0.99
K37N 0.22 -4.34 -3.13 -3.90 -3.69 -12.37 0.45 1.00
K37P 0.06 -6.11 -4.38 -5.17 -6.06 -16.29 0.49 0.99
K37Q 0.80 -4.95 -3.75 -2.78 -4.16 -13.16 0.44 0.97
K37R 0.86 -2.06 -1.22 -1.12 -0.79 -4.34 0.18 0.23
K37S -0.31 -5.28 -3.48 -4.19 -3.79 -13.09 0.39 1.00
K37T 0.09 -4.45 -3.38 -4.88 -3.47 -13.64 0.39 0.98
K37V -0.11 -4.99 -4.27 -6.15 -4.93 -14.88 0.50 0.99
K37W 0.48 -5.88 -5.73 -6.81 -4.94 -15.51 0.50 0.99
K37Y -0.15 -5.90 -4.90 -5.83 -5.26 -17.19 0.50 0.99
V38A 0.46 -4.09 -3.30 -3.82 -3.80 -8.70 0.36 0.99
V38D 0.09 -6.75 -8.79 -6.34 -6.37 -12.72 0.48 1.00
V38E -0.06 -6.55 -8.23 -5.72 -3.28 -12.64 0.49 1.00
V38F 0.33 -5.49 -4.04 -3.98 -4.69 -11.90 0.42 0.99
V38G -0.06 -6.39 -6.01 -6.75 -6.70 -13.78 0.48 0.98
V38H -0.14 -6.72 -8.88 -6.32 -5.75 -15.75 0.50 1.00
V38I 1.04 -3.21 -1.68 -0.16 -1.48 -4.02 0.12 0.49
V38K 0.19 -6.73 -8.26 -5.71 -7.08 -14.66 0.49 1.00
V38L 0.72 -3.67 -2.72 -1.96 -1.23 -7.86 0.21 0.96
V38M 0.96 -3.87 -2.57 -2.40 -0.17 -6.42 0.34 0.98
V38N -0.11 -6.76 -7.66 -6.32 -5.06 -13.19 0.48 1.00
V38P -0.05 -6.69 -6.02 -5.77 -7.31 -15.57 0.49 1.00
V38Q -0.02 -6.47 -7.35 -5.71 -5.10 -15.02 0.45 1.00
V38R -0.07 -6.97 -6.86 -6.28 -6.83 -15.00 0.48 1.00
V38S -0.12 -6.37 -5.27 -5.35 -4.39 -11.37 0.44 0.99
V38T 0.76 -6.45 -4.75 -3.82 -3.83 -9.63 0.38 0.99
V38W -0.06 -6.84 -6.68 -6.30 -6.04 -15.86 0.50 1.00
V38Y 0.49 -5.96 -5.09 -4.39 -5.62 -15.28 0.48 1.00
K39A 0.03 -5.28 -4.62 -5.89 -4.18 -17.54 0.52 1.00
K39D -0.00 -3.94 -3.20 -5.89 -3.99 -19.20 0.47 1.00
K39E 0.17 -4.28 -3.77 -3.92 -3.91 -15.28 0.47 1.00
K39G 0.97 -5.44 -4.99 -6.87 -4.62 -15.38 0.41 0.99
K39H 0.41 -5.19 -4.10 -5.88 -4.10 -16.56 0.46 0.98
K39I 0.01 -6.34 -6.03 -7.85 -5.29 -16.83 0.52 1.00
K39L 0.44 -4.91 -4.59 -6.87 -4.80 -16.77 0.48 0.99
K39M -0.15 -6.00 -5.56 -5.89 -3.75 -14.34 0.52 0.99
K39N 0.51 -3.23 -2.58 -4.91 -3.70 -13.30 0.40 1.00
K39P 0.48 -5.21 -4.66 -5.89 -5.13 -17.77 0.47 0.99
K39Q 0.55 -5.29 -4.26 -3.92 -3.90 -14.65 0.48 0.99
K39R 0.68 -4.23 -3.04 -2.94 -0.94 -7.65 0.35 0.43
K39S 0.57 -5.73 -3.81 -4.91 -4.25 -14.71 0.42 1.00
K39T 0.42 -4.35 -3.69 -5.89 -3.57 -14.29 0.46 1.00
K39Y 0.41 -6.02 -5.28 -6.87 -4.54 -20.44 0.41 1.00
M40A 0.33 -7.33 -3.30 -2.58 -2.16 -6.30 0.30 0.78
M40E 0.73 -6.42 -3.23 -2.75 -3.15 -9.12 0.31 0.89
M40F 0.23 -6.84 -4.49 -2.32 -2.06 -5.77 0.32 0.61
M40G 0.59 -5.76 -2.97 -4.16 -3.29 -7.47 0.35 0.83
M40I 0.81 -6.43 -4.05 -2.31 -1.32 -6.86 0.33 0.89
M40K 0.78 -2.99 -1.04 -1.24 -0.08 -8.66 0.17 0.47
M40L 0.87 -4.81 -2.11 -1.61 -0.82 -4.54 0.20 0.32
M40N 0.71 -6.22 -3.74 -3.01 -1.93 -6.37 0.31 0.82
M40P 0.74 -5.58 -2.25 -3.29 -2.30 -6.68 0.31 0.92
M40Q 0.04 -6.44 -3.76 -1.69 -1.80 -6.42 0.20 0.47
M40R 0.60 -2.82 -0.97 -1.43 -0.97 -7.45 0.17 0.51
M40S 0.68 -5.78 -3.01 -2.52 -1.71 -4.34 0.30 0.78
M40T 0.78 -4.56 -2.55 -2.71 -0.97 -3.88 0.30 0.76
M40V 0.78 -5.92 -3.16 -2.13 -0.58 -7.38 0.22 0.44
T41A 0.62 -7.01 -5.20 -2.34 -1.76 -8.41 0.29 0.45
T41C 0.02 -7.25 -5.79 -3.74 -2.64 -10.92 0.43 0.85
T41D -0.42 -5.91 -3.82 -3.20 -2.59 -6.21 0.26 0.86
T41E 0.13 -5.20 -4.00 -3.15 -2.50 -6.33 0.30 0.93
T41F -0.25 -7.46 -5.36 -4.08 -2.78 -9.08 0.40 0.89
T41G 0.53 -4.16 -3.74 -2.72 -2.35 -7.17 0.26 0.31
T41I 0.60 -6.19 -5.76 -3.75 -3.49 -8.04 0.35 0.96
T41K 0.21 -5.55 -4.54 -3.25 -3.02 -9.02 0.27 0.89
T41L 0.23 -6.40 -5.18 -3.79 -3.70 -6.63 0.38 0.78
T41M 0.85 -6.33 -5.52 -3.33 -1.62 -8.05 0.41 0.61
T41N 0.10 -4.91 -3.31 -2.01 -1.71 -5.74 0.20 0.34
T41P 0.46 -7.08 -6.84 -3.51 -4.79 -11.39 0.43 0.86
T41R 0.14 -6.07 -5.25 -3.18 -3.12 -10.40 0.28 0.88
T41S 0.73 -3.12 -1.97 -1.66 -1.36 -5.66 0.18 0.20
T41V -0.27 -6.65 -5.96 -2.98 -2.93 -8.10 0.34 0.86
T41W 0.03 -6.90 -5.65 -4.24 -2.73 -9.59 0.41 0.97
T42A 0.57 -5.76 -4.49 -4.65 -1.44 -9.77 0.38 0.93
T42C 0.49 -7.30 -6.33 -5.74 -3.39 -12.44 0.50 0.99
T42D 0.33 -5.37 -4.08 -5.81 -4.11 -13.90 0.38 1.00
T42E 0.17 -5.54 -4.52 -5.78 -3.77 -14.74 0.40 0.99
T42F -0.04 -7.25 -6.61 -6.77 -5.75 -13.43 0.52 0.99
T42G 0.31 -7.47 -6.61 -6.71 -5.15 -13.48 0.52 0.97
T42I 0.18 -5.89 -5.48 -5.77 -1.88 -10.00 0.44 1.00
T42K 0.39 -7.89 -6.20 -5.78 -4.07 -11.87 0.42 0.99
T42L 0.58 -6.22 -5.85 -5.77 -3.76 -12.28 0.48 0.98
T42M 0.45 -5.50 -4.62 -5.78 -1.60 -9.86 0.39 0.98
T42N -0.01 -6.91 -5.49 -4.86 -4.19 -10.06 0.48 0.97
T42P 0.09 -7.98 -8.15 -5.78 -5.55 -15.02 0.52 0.97
T42R 0.19 -7.64 -6.60 -5.78 -4.07 -13.25 0.50 0.98
T42S 0.55 -6.67 -5.15 -3.80 -2.54 -8.35 0.40 0.93
T42V 0.69 -6.29 -6.11 -4.78 -3.43 -11.26 0.40 0.97
T42W -0.05 -7.15 -7.19 -6.80 -5.37 -15.95 0.52 1.00
T42Y -0.16 -7.59 -6.15 -6.77 -5.61 -14.28 0.52 1.00
H43A 0.82 -3.40 -0.48 -2.42 -1.34 -6.79 0.27 0.34
H43C 1.00 -4.52 -2.63 -4.22 -1.10 -9.51 0.34 0.29
H43D 0.71 -4.10 -1.10 -2.09 -3.25 -9.94 0.25 0.87
H43E 0.78 -4.75 -1.79 -1.06 -1.93 -7.51 0.16 0.76
H43F 0.48 -5.37 -2.27 -4.03 -3.30 -10.03 0.31 0.45
H43G 0.65 -4.78 -2.32 -3.16 -4.29 -8.84 0.28 0.61
H43I 0.62 -4.30 -1.29 -4.35 -3.27 -9.16 0.30 0.66
H43K 1.00 -3.05 0.58 -1.59 -1.17 -7.41 0.19 0.69
H43L 0.73 -4.61 -0.79 -4.01 -2.79 -6.35 0.29 0.24
H43N 0.56 -2.88 0.04 -1.39 -0.92 -5.98 0.16 0.27
H43P 0.81 -2.63 0.82 -1.56 0.08 -3.46 0.18 0.15
H43Q 0.70 -0.85 1.53 -0.29 0.09 -0.99 0.11 0.30
H43R 1.01 -3.23 0.07 -1.46 -0.63 -7.92 0.18 0.48
H43S 0.50 -3.47 0.15 -1.48 -0.66 -7.18 0.18 0.36
H43T 0.60 -3.46 0.17 -2.49 -1.89 -7.48 0.27 0.54
H43V 0.74 -4.25 -1.29 -3.84 -2.93 -8.07 0.34 0.52
H43W 0.24 -5.14 -3.72 -4.22 -3.40 -13.18 0.31 0.70
H43Y 0.56 -4.77 -1.97 -2.42 -0.21 -8.66 0.27 0.29
L44A -0.09 -5.52 -4.13 -4.08 -5.89 -16.04 0.48 0.99
L44C 0.18 -6.49 -6.00 -4.08 -5.99 -14.35 0.50 0.97
L44D 0.09 -6.67 -10.12 -6.55 -7.49 -17.55 0.51 1.00
L44E -0.04 -6.86 -7.07 -5.69 -7.49 -17.76 0.51 1.00
L44F 0.85 -3.75 -2.84 -2.15 -2.44 -9.51 0.24 0.81
L44G 0.03 -6.68 -5.53 -6.56 -7.49 -14.76 0.51 0.99
L44H 0.01 -6.61 -9.88 -5.42 -1.36 -14.23 0.51 1.00
L44I 0.10 -4.30 -2.51 -1.47 -2.79 -10.54 0.27 0.89
L44K 0.10 -6.67 -8.99 -4.83 -7.26 -16.87 0.51 1.00
L44M 0.85 -1.88 -1.51 -0.45 -1.04 -7.10 0.15 0.41
L44N -0.05 -6.61 -7.58 -5.69 -7.49 -16.20 0.51 1.00
L44P 0.07 -6.64 -5.42 -5.82 -5.43 -13.41 0.51 1.00
L44Q 0.09 -6.61 -7.63 -4.57 -7.49 -14.25 0.50 1.00
L44R 0.04 -6.54 -10.08 -4.83 -7.26 -14.97 0.51 1.00
L44S 0.01 -6.39 -6.05 -4.69 -6.65 -13.65 0.50 1.00
L44T -0.07 -5.83 -4.30 -4.08 -6.65 -14.74 0.49 0.99
L44V -0.12 -5.75 -3.28 -2.22 -3.33 -11.24 0.36 0.91
L44W -0.01 -6.60 -7.65 -4.29 -5.23 -13.52 0.51 0.99
L44Y 0.28 -6.79 -7.68 -3.42 -5.23 -15.38 0.50 0.99
K45A 0.80 -3.83 -1.94 -2.49 -1.21 -12.79 0.27 0.81
K45C 0.42 -4.71 -4.10 -4.73 -2.17 -14.83 0.35 0.87
K45D 0.56 -6.87 -3.70 -3.60 -2.19 -17.27 0.27 0.98
K45E 0.69 -3.28 -2.15 -2.28 -1.46 -13.78 0.25 0.86
K45F 0.22 -5.35 -4.09 -5.01 -3.08 -16.44 0.40 0.97
K45G 1.07 -3.66 -1.80 -3.14 -1.41 -11.79 0.26 0.60
K45H 0.63 -4.43 -3.42 -3.56 -3.54 -13.53 0.31 0.65
K45I 0.84 -5.18 -3.71 -4.76 -2.46 -13.17 0.32 0.92
K45L 0.65 -4.74 -2.41 -4.26 -2.24 -12.64 0.32 0.83
K45M 0.48 -4.52 -4.18 -3.43 -2.77 -12.36 0.44 0.78
K45N 0.53 -4.78 -3.24 -2.64 -1.79 -10.94 0.29 0.93
K45P 0.02 -4.82 -5.12 -3.64 -5.32 -17.11 0.42 0.99
K45Q 0.74 -3.98 -2.63 -2.16 -1.88 -9.62 0.21 0.31
K45R 0.77 -1.31 -0.60 -1.32 -0.46 -7.09 0.16 0.09
K45S 0.64 -3.52 -1.78 -2.15 -1.38 -10.69 0.20 0.85
K45T 0.26 -4.31 -3.49 -3.11 -2.08 -12.12 0.29 0.85
K45V 0.61 -4.34 -4.00 -3.97 -1.94 -13.90 0.31 0.88
K45W 0.35 -5.48 -4.14 -5.23 -3.71 -17.52 0.43 0.95
K45Y 0.22 -4.54 -3.47 -4.38 -3.56 -17.25 0.40 0.93
K46A 0.70 -6.51 -4.86 -5.66 -4.33 -14.77 0.47 0.99
K46C 0.05 -8.65 -7.42 -7.62 -4.58 -15.87 0.52 1.00
K46D 0.30 -6.37 -4.50 -5.63 -4.70 -16.16 0.46 1.00
K46E 0.12 -5.59 -3.92 -3.73 -1.89 -13.73 0.44 1.00
K46F 0.48 -7.75 -7.23 -7.62 -5.07 -17.40 0.52 1.00
K46G -0.02 -6.54 -5.91 -6.56 -4.69 -14.66 0.47 0.99
K46H 0.76 -7.11 -5.58 -5.49 -4.72 -13.60 0.51 0.97
K46I 0.74 -7.57 -6.28 -7.62 -4.47 -14.43 0.48 0.99
K46L 0.54 -6.62 -6.02 -6.66 -4.82 -14.67 0.52 0.99
K46M 0.19 -7.77 -6.54 -5.66 -4.83 -12.76 0.51 0.99
K46N 0.55 -6.93 -5.48 -4.43 -1.54 -11.34 0.46 1.00
K46P -0.03 -8.15 -12.08 -5.73 -5.39 -17.92 0.51 0.99
K46Q 0.63 -7.86 -5.28 -3.66 -3.29 -12.19 0.47 0.99
K46R 0.82 -4.51 -3.90 -2.50 -1.05 -6.94 0.36 0.39
K46S 0.35 -6.42 -4.81 -4.66 -3.81 -13.43 0.42 1.00
K46T 0.46 -6.79 -5.24 -5.59 -3.69 -12.08 0.42 0.99
K46V 0.57 -7.67 -6.06 -6.72 -4.48 -14.83 0.46 0.99
K46W 0.62 -7.66 -8.20 -7.66 -4.74 -16.64 0.52 1.00
K46Y 0.70 -7.87 -6.46 -6.62 -4.85 -17.25 0.52 0.99
L47A -0.09 -6.03 -5.04 -4.83 -4.75 -15.56 0.42 0.99
L47C -0.06 -5.93 -6.69 -4.87 -5.78 -12.40 0.51 0.99
L47D 0.18 -6.87 -8.54 -7.83 -7.58 -19.75 0.52 1.00
L47E 0.03 -6.83 -9.37 -6.83 -7.58 -18.13 0.52 1.00
L47F 0.06 -6.18 -4.40 -3.92 -5.85 -9.95 0.48 1.00
L47G 0.09 -6.47 -7.26 -7.83 -6.09 -16.57 0.51 1.00
L47H 0.08 -6.85 -11.07 -6.87 -6.71 -16.29 0.52 1.00
L47I 0.52 -4.99 -3.23 -1.84 -2.89 -12.14 0.21 0.79
L47K -0.03 -6.82 -8.51 -5.87 -7.33 -17.70 0.52 1.00
L47M 0.48 -4.84 -3.91 -1.92 -3.01 -8.96 0.34 0.89
L47N 0.03 -6.85 -11.07 -6.87 -7.58 -19.66 0.52 1.00
L47P 0.08 -6.86 -8.53 -6.83 -3.25 -14.77 0.51 1.00
L47Q -0.01 -6.84 -11.04 -5.87 -7.58 -15.18 0.52 1.00
L47R 0.03 -6.85 -11.07 -5.91 -5.62 -15.30 0.52 1.00
L47S 0.07 -6.47 -6.92 -5.87 -5.64 -15.16 0.52 1.00
L47T 0.10 -6.10 -5.99 -4.83 -5.03 -16.99 0.51 0.99
L47V 0.51 -2.45 -1.89 -2.76 -1.73 -10.40 0.34 0.75
L47W -0.02 -6.77 -9.15 -5.91 -6.42 -15.27 0.52 1.00
L47Y 0.12 -6.85 -11.05 -4.87 -6.39 -17.85 0.51 1.00
K48A -0.02 -5.78 -5.22 -4.08 -3.79 -14.11 0.35 0.99
K48C -0.15 -5.55 -5.62 -5.18 -4.44 -15.38 0.43 0.99
K48D -0.04 -5.73 -9.34 -4.72 -5.13 -17.19 0.46 1.00
K48E -0.05 -5.57 -4.70 -3.09 -1.86 -12.27 0.35 0.99
K48F -0.09 -3.98 -2.82 -5.28 -2.43 -14.85 0.35 1.00
K48G -0.11 -5.56 -6.25 -5.42 -5.93 -10.84 0.43 0.99
K48H -0.28 -5.61 -5.45 -4.45 -3.80 -14.12 0.40 0.98
K48I 0.22 -4.73 -3.60 -4.98 -2.05 -12.77 0.35 0.99
K48L 0.04 -3.79 -3.82 -4.01 0.25 -13.54 0.34 0.98
K48M 0.36 -3.48 -1.68 -2.52 -1.39 -9.89 0.32 0.79
K48N 0.05 -4.72 -4.10 -3.75 -5.13 -11.95 0.46 1.00
K48P -0.06 -5.73 -9.23 -4.46 -6.84 -20.12 0.47 1.00
K48Q -0.05 -5.32 -3.82 -2.52 -2.45 -10.49 0.32 0.87
K48R -0.07 -3.26 -2.39 -2.09 -2.85 -7.16 0.22 0.45
K48S -0.04 -5.32 -4.35 -3.42 -4.07 -13.43 0.43 1.00
K48T -0.18 -4.80 -4.20 -4.11 -3.56 -11.43 0.40 0.99
K48V 0.00 -4.88 -4.66 -4.28 -2.16 -13.43 0.35 0.99
K48W 0.04 -5.65 -5.71 -5.55 -4.46 -15.57 0.47 1.00
K48Y -0.08 -4.36 -4.44 -4.85 -3.45 -16.41 0.36 1.00
E49A 0.86 -4.30 -3.25 -3.55 -1.54 -7.29 0.26 0.57
E49C -0.46 -4.02 -4.63 -5.67 -2.65 -11.33 0.40 0.98
E49D 0.46 -2.14 -1.00 -1.22 -0.06 -4.50 0.15 0.27
E49F 0.42 -4.73 -4.49 -5.38 -3.70 -12.34 0.40 0.97
E49G 0.31 -3.52 -3.33 -4.10 -2.75 -7.62 0.28 0.67
E49H 0.10 -3.66 -3.58 -2.83 -2.60 -8.55 0.27 0.92
E49I 0.10 -3.09 -2.90 -5.33 -3.03 -8.95 0.31 0.87
E49K 0.50 -1.60 -0.97 -0.74 -0.18 -12.18 0.14 0.85
E49L 0.43 -4.56 -3.36 -5.08 -2.86 -7.86 0.29 0.85
E49M 0.58 -3.55 -3.77 -4.04 -2.94 -8.58 0.32 0.86
E49N 0.07 -2.04 -1.54 -1.81 -1.64 -4.87 0.18 0.68
E49P -0.23 -4.43 -6.00 -3.54 -4.37 -14.31 0.43 1.00
E49Q 0.42 -1.87 -1.34 -1.04 -1.15 -4.73 0.15 0.48
E49R 0.91 -2.92 -2.13 -1.94 -1.29 -14.18 0.18 0.89
E49S 0.87 -2.62 -2.42 -2.33 -2.24 -6.47 0.25 0.64
E49T -0.11 -3.82 -2.93 -3.12 -2.15 -6.07 0.25 0.66
E49V 0.52 -3.76 -3.63 -4.58 -1.12 -7.94 0.34 0.73
E49W -0.14 -4.18 -4.83 -5.52 -4.31 -14.47 0.44 0.99
E49Y 0.29 -4.20 -4.04 -4.47 -3.05 -11.64 0.30 0.95
S50A 0.77 -2.70 -0.87 -0.76 -1.03 -2.93 0.16 0.33
S50C 1.07 -4.63 -4.77 -3.36 -3.39 -10.04 0.41 0.83
S50D 0.39 -4.93 -4.23 -3.53 -3.78 -10.61 0.34 0.99
S50E 0.40 -4.51 -2.70 -3.18 -4.08 -10.44 0.35 0.98
S50F 1.09 -3.65 -3.36 -4.62 -2.22 -11.23 0.37 0.98
S50G 0.28 -4.79 -4.73 -2.88 -4.52 -6.88 0.37 0.76
S50I 1.09 -4.18 -2.88 -4.12 -3.15 -11.40 0.37 0.96
S50K 0.26 -5.65 -3.01 -3.17 -3.61 -13.87 0.34 0.99
S50L 0.98 -5.12 -2.54 -4.17 -1.96 -10.99 0.37 0.95
S50M 0.81 -3.87 -2.27 -3.61 -3.83 -11.37 0.35 0.94
S50P 0.18 -5.72 -9.42 -3.79 -3.86 -9.25 0.46 1.00
S50R 1.05 -4.72 -2.58 -3.78 -1.97 -14.08 0.36 0.99
S50T 1.23 -3.68 -2.99 -2.13 -0.83 -6.06 0.23 0.60
S50V 0.82 -3.41 -2.42 -3.82 -3.28 -7.72 0.36 0.92
S50W 0.67 -5.73 -5.51 -5.69 -4.17 -15.56 0.46 0.97
S50Y 0.12 -5.06 -4.18 -4.66 -4.08 -12.34 0.37 0.95
Y51A 0.02 -7.13 -6.07 -8.67 -4.80 -17.59 0.39 1.00
Y51C 0.08 -7.27 -6.78 -8.71 -2.32 -12.12 0.50 0.99
Y51D 0.10 -7.84 -10.09 -9.60 -4.50 -16.26 0.52 1.00
Y51E 0.05 -7.86 -11.10 -8.63 -6.89 -18.89 0.52 1.00
Y51F 0.61 -4.56 -3.50 -3.72 -1.66 -5.88 0.36 0.52
Y51G -0.08 -7.72 -8.62 -9.63 -3.72 -19.38 0.52 0.99
Y51H -0.00 -7.63 -7.97 -4.58 -0.18 -11.67 0.46 1.00
Y51I 0.31 -6.41 -4.33 -7.71 -4.64 -13.23 0.43 0.99
Y51K 0.21 -7.87 -10.11 -8.67 -7.56 -19.42 0.52 1.00
Y51L -0.09 -5.42 -3.46 -7.71 -4.71 -13.13 0.46 0.99
Y51M -0.07 -8.23 -5.66 -7.67 -5.63 -17.24 0.52 1.00
Y51N 0.24 -7.54 -7.24 -8.60 -6.45 -13.60 0.52 1.00
Y51P 0.04 -7.89 -8.63 -9.67 -7.56 -18.62 0.52 1.00
Y51Q 0.07 -7.86 -11.10 -7.70 -6.89 -17.56 0.52 1.00
Y51R 0.15 -7.71 -7.92 -8.63 -7.56 -16.87 0.52 1.00
Y51S -0.06 -7.81 -8.01 -8.63 -4.13 -14.69 0.51 0.99
Y51V 0.35 -5.81 -3.61 -7.74 -4.55 -13.78 0.43 0.98
Y51W 0.96 -7.01 -5.62 -4.86 -3.18 -14.82 0.46 0.90
C52A -0.14 -3.34 -2.22 -4.28 -0.09 -5.82 0.37 0.56
C52D 0.01 -5.75 -5.49 -7.67 -4.94 -18.38 0.51 1.00
C52E 0.08 -5.90 -3.81 -8.04 -4.47 -14.48 0.38 1.00
C52F -0.01 -6.43 -4.81 -7.36 -5.29 -14.88 0.51 0.99
C52G 0.08 -5.76 -4.91 -7.20 -4.80 -9.73 0.49 0.77
C52H -0.15 -3.88 -3.53 -7.82 -4.01 -16.66 0.48 0.99
C52I -0.21 -5.89 -6.54 -6.51 -3.77 -13.13 0.51 0.99
C52K -0.27 -5.12 -4.29 -7.43 -4.92 -15.45 0.49 1.00
C52L 0.00 -5.68 -4.63 -6.51 -3.94 -14.47 0.44 0.98
C52N -0.03 -4.46 -4.43 -7.51 -3.93 -14.46 0.51 0.99
C52P 0.00 -5.89 -5.88 -7.59 -7.26 -13.37 0.51 1.00
C52Q 0.10 -5.70 -4.02 -7.43 -4.56 -14.00 0.41 0.99
C52R 0.23 -5.41 -4.09 -7.57 -4.20 -14.06 0.46 0.99
C52S 0.62 -2.30 -2.32 -5.14 -0.17 -6.74 0.37 0.54
C52V 0.25 -5.48 -5.51 -6.28 -3.82 -10.72 0.44 0.96
C52W 0.09 -5.41 -5.48 -7.75 -5.57 -17.04 0.51 1.00
C52Y -0.01 -5.19 -4.47 -7.36 -4.02 -15.60 0.39 1.00
Q53A 0.76 -5.06 -2.51 -3.33 -2.29 -5.65 0.26 0.22
Q53C -0.11 -5.25 -4.27 -5.08 -2.31 -12.99 0.32 0.77
Q53D 0.85 -2.63 -0.97 -0.41 -1.03 -7.42 0.11 0.71
Q53E 0.96 -2.18 -0.44 -0.36 -0.45 -5.42 0.11 0.21
Q53F 0.97 -5.85 -4.91 -5.13 -3.89 -12.43 0.40 0.83
Q53G 0.26 -5.08 -3.35 -3.70 -2.92 -7.43 0.29 0.36
Q53H 0.92 -5.72 -4.00 -2.73 -3.34 -8.60 0.26 0.41
Q53I -0.12 -4.51 -3.03 -5.10 -3.22 -9.57 0.40 0.49
Q53K 0.52 -4.52 -2.14 -2.06 -1.00 -6.36 0.20 0.36
Q53L 0.69 -5.01 -3.53 -4.97 -1.85 -7.55 0.32 0.18
Q53M 0.15 -5.90 -5.06 -3.65 -3.38 -10.00 0.31 0.32
Q53N 0.40 -4.07 -2.51 -1.83 -1.72 -6.05 0.19 0.30
Q53P 0.64 -5.13 -4.34 -3.36 -4.95 -11.35 0.42 0.98
Q53R 0.78 -4.69 -2.53 -2.44 -0.83 -10.04 0.26 0.43
Q53S 0.96 -5.51 -3.03 -2.03 -2.18 -5.92 0.20 0.19
Q53T 0.99 -4.13 -2.83 -3.10 -2.08 -5.41 0.26 0.20
Q53V 0.56 -4.61 -3.18 -4.56 -3.04 -7.56 0.30 0.31
Q53W 1.22 -5.82 -6.22 -5.17 -4.43 -17.13 0.42 0.93
Q53Y 0.97 -5.53 -4.02 -4.17 -3.49 -13.43 0.35 0.79
R54A 0.01 -5.52 -4.41 -5.44 -3.80 -14.59 0.40 1.00
R54C 0.58 -4.39 -4.96 -7.04 -3.71 -13.85 0.51 0.99
R54F 0.61 -6.36 -5.73 -7.34 -4.36 -16.70 0.51 1.00
R54G 0.27 -6.52 -6.40 -6.47 -2.40 -14.24 0.50 0.99
R54I 0.39 -6.31 -4.60 -7.37 -4.41 -15.45 0.46 0.99
R54K 0.35 -4.50 -3.46 -2.62 -1.22 -4.03 0.34 0.80
R54L 0.56 -7.02 -4.91 -6.44 -4.34 -13.78 0.47 0.99
R54M 0.32 -5.15 -4.27 -5.47 -4.00 -13.61 0.41 1.00
R54N -0.11 -6.22 -5.42 -4.51 -3.73 -12.72 0.44 1.00
R54P -0.17 -6.77 -6.98 -6.42 -4.64 -14.68 0.48 1.00
R54S 0.21 -5.94 -4.74 -5.40 -1.94 -12.82 0.41 1.00
R54T 0.15 -5.51 -4.75 -5.47 -1.68 -12.82 0.45 1.00
R54V 0.72 -5.64 -4.54 -7.33 -4.36 -15.52 0.45 0.99
R54W -0.34 -6.75 -7.26 -7.37 -4.00 -14.60 0.51 0.99
R54Y -0.05 -6.60 -5.76 -6.30 -4.22 -16.83 0.50 0.99
Q55A 0.62 -5.17 -3.80 -2.40 -2.66 -12.59 0.26 0.50
Q55C 0.77 -6.51 -5.17 -3.77 -3.87 -17.40 0.43 0.89
Q55D 0.54 -5.27 -3.85 -3.16 -3.57 -18.50 0.43 0.99
Q55E 0.74 -5.18 -3.28 -1.75 -0.60 -13.69 0.25 0.60
Q55F 0.45 -6.18 -4.25 -3.91 -3.75 -15.84 0.28 0.96
Q55G 0.23 -6.69 -4.76 -4.09 -5.80 -15.82 0.43 0.85
Q55H 0.55 -6.25 -4.16 -3.07 -1.29 -12.03 0.34 0.92
Q55I 0.99 -4.89 -3.50 -2.94 -1.71 -12.61 0.29 0.61
Q55K 1.07 -4.94 -3.26 -1.93 -2.80 -12.28 0.19 0.82
Q55L 0.68 -4.48 -3.17 -2.41 -0.47 -11.00 0.26 0.50
Q55M 1.21 -6.34 -4.63 -1.46 -1.84 -11.66 0.17 0.37
Q55N 0.60 -4.80 -3.67 -2.85 -2.22 -12.48 0.28 0.83
Q55P 0.41 -6.61 -7.05 -3.32 -4.43 -14.27 0.33 0.99
Q55R 1.05 -5.22 -4.14 -2.13 -1.39 -13.89 0.20 0.81
Q55S 0.74 -6.60 -4.26 -2.30 -2.73 -12.68 0.28 0.60
Q55T 0.56 -3.42 -2.59 -2.17 -1.97 -9.84 0.21 0.31
Q55V 1.07 -5.80 -4.40 -2.26 -1.31 -12.04 0.22 0.31
Q55W 0.48 -5.85 -4.72 -4.02 -3.42 -19.06 0.35 0.98
Q55Y 0.85 -5.82 -4.47 -3.12 -2.98 -17.40 0.35 0.97
G56A 0.43 -3.72 -4.01 -4.91 -2.08 -7.02 0.40 0.79
G56C 0.26 -4.68 -4.89 -7.48 -3.41 -10.23 0.49 0.94
G56D 0.48 -4.11 -3.61 -5.43 -1.31 -11.31 0.39 0.92
G56E 0.40 -4.31 -3.50 -6.35 -1.23 -12.55 0.45 0.95
G56F 0.45 -4.29 -5.22 -7.59 -4.29 -14.55 0.51 0.99
G56H 0.96 -5.37 -4.53 -6.50 -4.22 -12.50 0.49 0.98
G56I 0.23 -5.72 -5.85 -8.28 -4.65 -15.72 0.50 0.99
G56K -0.05 -3.70 -3.36 -6.48 -3.26 -13.93 0.39 0.98
G56L 0.30 -4.44 -4.71 -8.34 -5.19 -13.66 0.51 0.98
G56M 0.69 -5.65 -6.17 -7.38 -5.99 -12.83 0.51 0.98
G56N 0.58 -4.89 -3.71 -4.60 -2.83 -7.82 0.36 0.88
G56P -0.17 -4.83 -5.04 -6.62 -4.72 -13.62 0.47 1.00
G56Q 0.94 -3.55 -3.55 -6.32 -2.82 -11.16 0.40 0.94
G56R 0.43 -3.50 -3.50 -6.52 -1.61 -13.41 0.46 0.98
G56S 0.70 -3.49 -2.53 -4.77 -1.62 -6.47 0.37 0.72
G56T 0.14 -4.46 -5.11 -6.47 -3.34 -10.63 0.49 0.94
G56V 0.15 -5.32 -6.41 -7.38 -4.42 -11.87 0.50 0.98
G56W 0.07 -5.31 -6.36 -6.85 -4.32 -15.64 0.50 0.99
G56Y 0.14 -5.32 -6.14 -7.49 -4.78 -15.33 0.50 0.99
V57A 0.81 -4.35 -3.54 -2.19 -1.89 -7.50 0.22 0.88
V57C 0.15 -5.51 -4.29 -3.03 -3.13 -10.12 0.34 0.87
V57D 0.04 -5.58 -5.46 -4.87 -3.49 -17.34 0.41 0.99
V57E 0.06 -5.40 -4.97 -4.00 -3.71 -14.76 0.31 0.97
V57F 0.29 -4.85 -3.63 -2.47 -3.15 -13.92 0.28 0.66
V57G 0.13 -5.79 -5.64 -4.55 -4.15 -13.63 0.30 0.88
V57H -0.06 -6.06 -5.30 -4.45 -3.26 -11.19 0.30 0.96
V57I 0.88 -2.71 -1.49 -0.33 -0.18 -7.72 0.11 0.10
V57K 0.62 -4.90 -4.26 -3.66 -2.56 -5.60 0.27 0.92
V57L 0.68 -2.88 -1.66 -0.87 -1.22 -7.83 0.14 0.63
V57M 0.49 -4.31 -3.57 -1.26 -1.15 -10.03 0.21 0.59
V57N 0.29 -5.64 -5.71 -4.44 -3.96 -11.50 0.41 0.94
V57P -0.08 -5.25 -4.68 -4.15 -4.92 -15.10 0.41 0.99
V57Q 0.34 -4.84 -5.06 -3.69 -3.16 -7.96 0.27 0.89
V57R 1.11 -4.57 -4.21 -4.25 -2.71 -7.69 0.29 0.89
V57S 0.21 -5.62 -4.77 -3.56 -3.75 -10.13 0.33 0.92
V57T 0.08 -3.46 -2.81 -2.54 -3.34 -7.50 0.33 0.84
V57W 0.58 -5.77 -5.64 -4.32 -3.39 -14.91 0.37 0.98
V57Y 0.91 -6.12 -4.23 -2.73 -3.15 -14.05 0.34 0.93
P58A 0.56 -3.01 -2.71 -1.54 -0.04 -6.52 0.17 0.17
P58C -0.10 -5.49 -5.28 -3.26 -2.02 -12.10 0.36 0.80
P58D 0.02 -3.21 -2.24 -1.86 -0.96 -11.01 0.19 0.74
P58E 0.58 -3.44 -2.96 -1.76 -1.07 -11.37 0.18 0.70
P58F -0.04 -5.03 -5.03 -4.03 -2.74 -14.00 0.40 0.91
P58G 0.58 -5.32 -5.02 -2.35 -2.13 -10.86 0.27 0.47
P58H -0.09 -5.68 -4.43 -2.50 -0.78 -10.37 0.30 0.55
P58I -0.03 -5.64 -5.96 -3.29 -2.53 -12.67 0.32 0.84
P58K 0.74 -4.28 -3.65 -1.96 -1.84 -13.73 0.19 0.82
P58L 0.56 -4.53 -3.79 -3.45 -1.20 -11.01 0.28 0.46
P58N -0.11 -5.89 -4.51 -1.68 -0.82 -9.51 0.18 0.52
P58Q 0.40 -3.36 -3.20 -1.59 -0.74 -7.95 0.18 0.43
P58R 0.53 -4.09 -3.58 -2.65 -1.81 -13.75 0.27 0.73
P58S 0.76 -1.85 -2.07 -0.67 -0.22 -4.99 0.13 0.23
P58T -0.04 -4.96 -4.18 -1.57 -0.54 -7.70 0.18 0.39
P58V -0.15 -6.15 -5.03 -2.74 -1.54 -10.32 0.25 0.67
P58W -0.18 -5.48 -6.23 -4.58 -3.28 -16.45 0.41 0.97
P58Y 0.03 -5.30 -5.33 -3.42 -2.45 -13.84 0.40 0.91
M59A 0.58 -2.30 -0.55 -2.84 -0.49 -6.76 0.24 0.23
M59D 1.67 -4.34 -3.38 -5.09 -2.09 -12.32 0.30 0.90
M59E 0.67 -3.68 -1.75 -4.26 -1.69 -11.07 0.27 0.68
M59F 0.84 -4.36 -2.36 -2.97 -1.48 -7.65 0.24 0.45
M59G 0.27 -5.36 -3.30 -4.93 -1.65 -11.11 0.29 0.46
M59I 0.65 -2.48 -0.46 -0.86 -0.14 -4.92 0.14 0.27
M59K 0.95 -4.58 -2.74 -3.72 -1.56 -12.92 0.26 0.52
M59L 0.44 -3.35 -0.88 -1.02 -0.66 -4.35 0.15 0.12
M59N 0.68 -4.90 -3.29 -4.55 -1.89 -11.18 0.33 0.57
M59P 0.67 -2.84 -0.43 -3.93 -0.61 -7.49 0.26 0.41
M59Q -0.00 -5.13 -2.52 -3.36 -1.16 -8.75 0.25 0.32
M59R 0.67 -3.50 -1.36 -3.96 -1.31 -12.07 0.26 0.54
M59S 0.46 -2.44 -1.42 -3.65 -0.59 -8.12 0.26 0.33
M59T 0.88 -3.15 -1.70 -2.98 -1.37 -7.10 0.24 0.24
M59V 0.88 -1.40 -0.01 -0.66 -0.05 -3.43 0.13 0.07
M59W 0.24 -5.46 -3.98 -4.33 -1.77 -12.80 0.29 0.83
N60A 0.35 -4.76 -3.38 -3.49 -1.03 -8.93 0.25 0.17
N60C 0.21 -5.26 -4.24 -4.75 -1.02 -11.60 0.40 0.30
N60D 0.74 -4.21 -2.51 -2.42 -0.06 -8.92 0.25 0.23
N60E 0.98 -3.57 -2.27 -2.46 -1.11 -10.52 0.25 0.48
N60F 0.38 -5.76 -4.35 -5.13 -2.44 -14.99 0.38 0.62
N60G 0.88 -4.69 -3.15 -2.49 -1.29 -7.47 0.25 0.14
N60H 0.63 -3.89 -3.45 -2.33 -0.56 -10.78 0.25 0.15
N60I 0.08 -4.87 -4.61 -5.13 -1.96 -13.36 0.34 0.43
N60K 0.36 -3.82 -2.66 -2.77 -1.31 -12.57 0.25 0.58
N60L 0.12 -4.86 -4.63 -5.08 -2.66 -13.73 0.34 0.34
N60M 0.09 -5.92 -6.34 -4.15 -2.43 -12.64 0.39 0.40
N60P 0.35 -5.07 -4.70 -4.17 -2.68 -12.29 0.34 0.46
N60Q 0.32 -4.77 -3.44 -2.41 -1.38 -10.31 0.25 0.31
N60R 0.44 -4.03 -3.05 -2.70 -1.17 -12.38 0.25 0.60
N60S 0.68 -2.97 -2.27 -1.82 -0.35 -7.02 0.18 0.07
N60T 0.26 -4.51 -3.63 -2.83 -1.03 -8.92 0.25 0.13
N60V 0.33 -4.39 -4.07 -4.86 -2.94 -12.22 0.43 0.33
N60W 0.49 -5.46 -6.12 -5.62 -3.11 -15.87 0.43 0.86
N60Y 0.35 -3.34 -3.30 -4.33 -2.04 -13.66 0.30 0.35
S61A 0.55 -4.51 -3.96 -2.01 -0.36 -7.84 0.20 0.17
S61C 0.52 -6.03 -5.80 -3.73 -3.01 -9.90 0.47 0.35
S61D 0.27 -4.40 -3.23 -2.95 -2.52 -15.80 0.33 0.95
S61E 0.11 -4.39 -3.27 -2.68 -2.13 -14.99 0.31 0.94
S61F 0.50 -6.28 -5.60 -4.65 -3.66 -13.01 0.47 0.86
S61G 0.34 -5.10 -4.24 -3.00 -2.89 -10.36 0.33 0.36
S61I 0.15 -6.44 -5.49 -4.36 -3.31 -12.17 0.44 0.85
S61K 0.02 -4.43 -3.40 -2.85 -2.87 -14.71 0.33 0.99
S61L 0.55 -5.53 -4.09 -4.26 -0.99 -10.55 0.35 0.60
S61M 0.43 -6.03 -4.96 -3.52 -2.73 -12.54 0.39 0.60
S61N 0.04 -5.63 -4.10 -2.06 -2.18 -11.10 0.25 0.67
S61P -0.01 -6.47 -6.79 -3.70 -3.80 -11.66 0.46 0.99
S61R 0.42 -5.82 -3.92 -3.54 -2.81 -13.04 0.38 0.98
S61T 0.51 -3.57 -3.29 -1.82 -0.34 -7.05 0.19 0.16
S61V 0.01 -5.68 -4.93 -4.10 -2.80 -10.74 0.41 0.69
S61W 0.41 -5.86 -5.76 -5.38 -1.90 -14.63 0.45 0.94
S61Y 0.87 -7.39 -5.45 -4.48 -3.15 -14.19 0.44 0.81
L62A -0.19 -4.98 -4.14 -3.63 -3.31 -11.94 0.32 0.96
L62C 0.85 -4.97 -4.63 -3.93 -3.09 -11.68 0.41 0.92
L62D 0.08 -6.52 -6.85 -6.31 -5.59 -17.90 0.48 1.00
L62F 0.60 -5.28 -3.71 -3.22 -0.96 -8.93 0.30 0.92
L62G -0.10 -5.86 -5.63 -6.33 -4.23 -13.39 0.33 0.99
L62H 0.65 -5.82 -4.51 -5.72 -3.82 -12.25 0.40 0.99
L62I 1.12 -3.57 -2.58 -0.74 -0.24 -4.30 0.15 0.41
L62N 0.26 -6.28 -6.03 -5.72 -4.47 -14.66 0.43 0.99
L62P -0.01 -5.68 -5.30 -4.94 -2.02 -14.61 0.42 1.00
L62Q 1.32 -3.57 -2.58 -4.84 -5.07 -10.08 0.33 0.98
L62R 1.23 -6.30 -5.34 -5.07 -3.42 -11.63 0.47 0.97
L62S 0.13 -6.35 -5.35 -4.72 -3.36 -12.44 0.43 0.99
L62V 1.12 -3.22 -2.10 -1.28 -0.54 -5.55 0.17 0.38
L62W -0.28 -5.99 -5.51 -5.21 -4.69 -12.23 0.42 0.98
L62Y 0.63 -5.96 -4.00 -3.93 -3.30 -12.70 0.34 0.98
R63A 0.07 -2.64 -2.62 -5.77 -3.01 -11.31 0.39 0.99
R63C 0.37 -5.13 -4.83 -7.81 -3.92 -11.74 0.49 0.98
R63D -0.13 -4.73 -4.52 -6.64 -4.50 -19.14 0.52 1.00
R63E 0.41 -4.82 -3.95 -4.63 -4.34 -18.41 0.47 1.00
R63F 0.27 -5.49 -4.79 -7.78 -4.77 -17.99 0.52 1.00
R63G 0.14 -4.54 -4.95 -6.71 -1.76 -13.21 0.50 1.00
R63H 0.55 -5.21 -4.65 -4.79 -4.28 -12.64 0.48 0.98
R63I 0.54 -3.41 -3.48 -7.65 -3.25 -12.95 0.46 0.99
R63K 0.36 -3.34 -3.81 -2.84 -0.65 -10.07 0.37 0.95
R63L 0.46 -4.15 -3.88 -6.76 -3.74 -13.79 0.47 0.99
R63M 0.40 -4.30 -4.68 -5.83 -3.29 -14.43 0.51 1.00
R63N 0.51 -5.28 -4.77 -4.71 -4.37 -15.33 0.48 1.00
R63P -0.15 -5.65 -7.21 -6.75 -6.30 -14.91 0.52 1.00
R63Q 0.24 -4.12 -4.03 -3.77 -4.58 -12.50 0.46 0.98
R63S 0.40 -4.59 -3.88 -5.74 -3.30 -11.59 0.42 1.00
R63T 0.33 -4.86 -4.43 -5.79 -2.94 -11.62 0.42 1.00
R63V 0.38 -3.93 -3.31 -7.68 -3.40 -10.46 0.39 0.99
R63W 0.82 -4.22 -4.52 -7.77 -3.24 -15.46 0.52 0.99
R63Y 0.55 -5.21 -5.04 -6.79 -4.79 -16.90 0.52 1.00
F64A 0.19 -7.66 -7.87 -7.62 -7.19 -18.91 0.51 1.00
F64C 0.14 -7.71 -7.28 -7.65 -5.59 -15.16 0.52 1.00
F64D 0.00 -8.05 -11.75 -8.62 -8.34 -22.25 0.52 1.00
F64E -0.27 -8.15 -9.29 -8.62 -8.34 -22.28 0.52 1.00
F64G -0.00 -8.05 -11.74 -8.52 -8.34 -21.21 0.52 1.00
F64H 0.47 -7.88 -8.15 -6.72 -5.02 -18.80 0.52 1.00
F64K 0.02 -8.05 -11.77 -8.62 -8.34 -24.35 0.52 1.00
F64L 0.20 -5.41 -4.13 -5.78 -2.23 -12.67 0.40 1.00
F64M -0.05 -7.16 -5.52 -5.75 -5.14 -17.21 0.51 1.00
F64N -0.30 -7.86 -9.23 -8.58 -8.34 -21.77 0.52 1.00
F64P 0.06 -7.03 -6.98 -9.62 -7.30 -18.98 0.52 1.00
F64Q 0.38 -7.58 -8.10 -8.62 -8.34 -20.43 0.52 1.00
F64R 0.06 -8.05 -11.75 -8.65 -8.34 -20.63 0.52 1.00
F64S 0.04 -7.84 -7.93 -7.52 -5.26 -17.73 0.52 1.00
F64T 0.03 -8.27 -8.64 -7.62 -7.19 -19.61 0.52 1.00
F64V -0.02 -6.14 -4.65 -6.75 -4.55 -15.87 0.52 1.00
F64W 0.17 -7.84 -7.10 -4.86 -4.17 -17.39 0.51 0.97
F64Y -0.07 -6.85 -6.80 -2.89 -0.31 -11.73 0.50 0.95
L65A 0.03 -6.73 -5.28 -3.67 -4.09 -14.81 0.44 0.95
L65C 0.07 -6.04 -5.39 -3.83 -3.55 -12.81 0.39 0.92
L65E -0.04 -5.23 -4.80 -5.10 -4.40 -16.85 0.47 0.99
L65F 0.53 -4.29 -3.23 -3.30 -1.14 -7.64 0.35 0.87
L65G -0.08 -6.58 -6.17 -6.30 -4.62 -17.04 0.48 0.99
L65H 0.86 -5.12 -4.58 -5.27 -3.83 -9.89 0.39 0.97
L65I 0.65 -4.53 -3.40 -1.33 -2.15 -8.12 0.18 0.53
L65K -0.32 -4.69 -4.60 -4.24 -2.82 -15.33 0.45 0.98
L65M 0.85 -3.86 -3.47 -1.40 -2.35 -9.98 0.23 0.61
L65N 0.35 -6.54 -5.92 -5.20 -3.94 -12.26 0.45 0.98
L65P 0.09 -6.56 -10.09 -5.40 -4.33 -13.08 0.47 1.00
L65Q -0.06 -5.52 -4.98 -4.33 -3.28 -8.98 0.36 0.96
L65R 0.02 -5.51 -4.86 -3.94 -2.65 -10.47 0.35 0.93
L65S -0.04 -5.75 -4.04 -4.46 -3.12 -11.64 0.38 0.99
L65T 0.79 -4.83 -4.00 -3.67 -3.31 -12.32 0.34 0.93
L65V 0.75 -5.27 -4.00 -2.06 -2.23 -9.36 0.22 0.54
L65W -0.17 -5.63 -5.93 -5.07 -3.15 -13.73 0.48 0.97
L65Y 1.01 -4.46 -3.49 -3.93 -3.47 -9.41 0.37 0.96
F66A 0.25 -4.16 -4.09 -7.44 -4.06 -17.25 0.49 1.00
F66C 0.10 -5.90 -4.40 -7.45 -3.87 -13.49 0.46 0.99
F66D 0.07 -5.35 -6.45 -8.54 -4.89 -18.15 0.51 1.00
F66E 0.12 -6.20 -6.76 -8.51 -5.91 -19.25 0.51 1.00
F66G 0.06 -4.81 -5.91 -8.47 -5.54 -18.30 0.51 1.00
F66H 0.83 -3.94 -3.23 -6.68 -3.10 -12.01 0.42 0.98
F66I 0.14 -5.25 -4.30 -5.31 -3.35 -11.91 0.41 0.99
F66K -0.06 -5.08 -5.13 -8.51 -5.53 -20.47 0.50 1.00
F66L 0.05 -4.27 -3.01 -5.45 -1.47 -10.92 0.39 1.00
F66M 0.11 -5.46 -5.31 -5.48 -3.53 -15.11 0.50 0.99
F66N 0.20 -5.45 -5.45 -8.54 -5.17 -14.27 0.51 1.00
F66P 0.02 -6.03 -6.98 -9.40 -7.05 -17.77 0.51 1.00
F66Q 0.01 -5.89 -5.30 -8.51 -5.36 -16.95 0.51 1.00
F66R -0.03 -5.32 -5.04 -8.54 -5.19 -19.69 0.51 0.99
F66S -0.01 -4.92 -3.96 -7.54 -4.00 -12.53 0.47 1.00
F66T 0.03 -4.42 -3.88 -7.41 -3.93 -17.16 0.50 1.00
F66V 0.02 -5.64 -4.35 -6.24 -3.04 -13.15 0.42 0.99
F66W 0.65 -4.86 -4.68 -4.82 -2.54 -13.44 0.48 0.85
F66Y 0.79 -3.10 -2.79 -2.82 -1.67 -6.55 0.34 0.53
E67A 0.52 -3.83 -2.23 -4.37 -2.36 -10.50 0.37 0.93
E67C 0.71 -5.58 -3.74 -6.03 -5.36 -14.63 0.46 0.98
E67D 0.50 -0.68 0.67 1.47 -0.54 -2.67 0.12 0.27
E67F 0.94 -5.14 -4.22 -5.74 -4.61 -17.16 0.49 1.00
E67G 0.63 -2.62 -1.14 -4.06 -4.24 -11.32 0.36 0.88
E67H 0.04 -3.98 -2.48 -3.42 -4.11 -12.57 0.41 0.98
E67I -0.36 -4.65 -4.40 -5.71 -6.09 -16.81 0.46 1.00
E67K 0.25 -4.13 -1.88 -3.09 -4.39 -12.73 0.34 0.98
E67L 0.57 -5.12 -3.66 -6.31 -5.23 -14.45 0.40 0.99
E67M 0.84 -5.33 -4.25 -5.35 -5.39 -14.35 0.40 0.99
E67N 0.82 -2.76 -1.18 -1.97 -2.00 -9.95 0.22 0.91
E67P 0.14 -5.61 -4.62 -3.72 -7.14 -16.26 0.39 1.00
E67Q 0.37 -5.49 -3.05 -2.17 -2.95 -9.64 0.32 0.88
E67R 0.07 -4.14 -2.39 -4.01 -4.67 -16.48 0.37 0.95
E67S 0.16 -4.02 -1.97 -2.71 -4.49 -11.99 0.36 0.92
E67T -0.11 -4.28 -2.81 -3.55 -5.63 -13.97 0.39 0.99
E67V 0.34 -4.61 -3.86 -5.35 -5.18 -12.95 0.42 0.99
E67W 0.64 -5.37 -6.07 -6.37 -5.72 -18.24 0.49 1.00
E67Y 0.35 -4.35 -3.32 -5.38 -4.23 -13.68 0.39 0.99
G68A -0.10 -4.57 -5.11 -5.64 -5.04 -10.84 0.51 0.99
G68D 0.16 -4.24 -4.00 -6.70 -2.77 -10.37 0.49 1.00
G68E 0.04 -4.50 -4.47 -7.69 -4.48 -8.23 0.49 1.00
G68F -0.05 -4.58 -6.32 -8.57 -6.44 -16.06 0.52 1.00
G68H -0.30 -5.45 -5.51 -7.67 -5.89 -11.19 0.52 1.00
G68I -0.25 -5.58 -7.87 -9.53 -5.72 -15.84 0.52 1.00
G68K -0.08 -3.69 -4.33 -7.66 -4.62 -13.18 0.51 1.00
G68L 0.17 -4.61 -6.38 -9.53 -6.97 -14.78 0.52 1.00
G68M -0.42 -5.47 -6.93 -8.56 -7.26 -14.77 0.52 1.00
G68N 0.33 -4.35 -4.01 -5.74 -5.28 -7.86 0.50 1.00
G68P 0.29 -5.68 -7.06 -7.67 -8.07 -14.49 0.52 1.00
G68Q 0.74 -4.53 -4.48 -7.66 -4.98 -8.95 0.52 1.00
G68R 0.11 -3.15 -4.09 -7.66 -4.69 -10.58 0.50 1.00
G68S 0.31 -3.06 -3.69 -5.65 -1.82 -8.26 0.51 0.99
G68T 0.01 -3.89 -4.48 -7.59 -5.65 -11.23 0.52 1.00
G68V 0.02 -4.98 -6.23 -8.54 -6.06 -12.09 0.52 1.00
G68W 0.14 -5.01 -6.73 -7.65 -5.40 -14.31 0.52 1.00
G68Y -0.36 -4.39 -6.06 -8.60 -5.89 -13.83 0.52 1.00
Q69A 0.86 -5.71 -3.62 -3.89 -2.15 -9.99 0.27 0.36
Q69C 0.68 -5.94 -5.01 -5.66 -2.74 -10.63 0.35 0.75
Q69D 0.72 -4.89 -3.52 -3.22 -1.92 -13.88 0.25 0.72
Q69E 1.05 -5.12 -2.84 -1.69 -0.56 -11.45 0.18 0.19
Q69F 0.52 -6.52 -5.44 -5.69 -3.04 -14.03 0.35 0.87
Q69G 0.49 -5.18 -4.07 -4.89 -3.89 -10.97 0.29 0.52
Q69H 0.42 -5.06 -3.55 -3.02 -1.94 -8.80 0.27 0.43
Q69I 0.06 -6.03 -3.51 -5.62 -2.53 -11.35 0.29 0.57
Q69K 0.70 -2.92 -1.20 -2.07 -1.09 -12.36 0.19 0.33
Q69L 0.47 -5.71 -4.09 -4.93 -2.71 -11.58 0.29 0.35
Q69M -0.11 -6.90 -4.23 -3.53 -3.37 -10.88 0.34 0.41
Q69N 0.74 -4.77 -2.69 -2.89 -0.58 -8.02 0.25 0.31
Q69P 0.42 -6.14 -5.18 -4.16 -5.31 -14.59 0.41 0.98
Q69R 0.62 -3.53 -1.33 -1.68 -1.29 -8.12 0.18 0.35
Q69S 0.73 -4.34 -2.98 -3.03 -2.24 -8.08 0.25 0.27
Q69T 0.88 -4.38 -2.55 -3.19 -1.85 -7.38 0.25 0.25
Q69V 0.25 -5.41 -2.89 -4.89 -2.60 -11.10 0.29 0.38
Q69W 0.38 -6.27 -4.68 -5.23 -3.40 -15.21 0.41 0.93
Q69Y 0.41 -5.79 -4.29 -4.29 -3.16 -13.04 0.36 0.80
R70A 0.56 -7.21 -5.13 -4.23 -3.40 -16.94 0.41 0.99
R70C 0.59 -7.47 -6.72 -6.17 -4.46 -13.90 0.48 0.98
R70E 0.78 -4.98 -3.64 -3.49 -3.77 -18.85 0.43 0.99
R70F 0.17 -7.45 -6.22 -6.13 -4.74 -19.66 0.46 1.00
R70G 0.77 -6.44 -6.35 -5.00 -2.77 -14.93 0.46 0.99
R70H 1.23 -7.16 -5.35 -3.74 -3.84 -12.57 0.42 0.96
R70I 0.67 -6.24 -4.26 -6.10 -4.45 -16.71 0.48 0.99
R70K 0.52 -6.19 -4.72 -1.87 -0.91 -11.94 0.21 0.89
R70L 0.71 -5.78 -4.11 -5.40 -3.70 -16.05 0.41 0.99
R70M 0.61 -6.05 -5.82 -4.47 -5.10 -16.54 0.50 1.00
R70N 0.77 -7.97 -5.99 -3.50 -3.37 -16.27 0.43 1.00
R70P 0.71 -4.73 -4.01 -4.32 -2.80 -13.17 0.36 0.98
R70Q 1.35 -4.09 -3.57 -2.70 -3.27 -14.01 0.37 0.96
R70S 0.93 -5.90 -5.14 -4.06 -2.92 -16.05 0.46 1.00
R70T 0.71 -6.49 -4.87 -4.30 -3.58 -15.52 0.45 1.00
R70V 0.74 -7.57 -4.61 -5.86 -3.83 -17.49 0.45 0.99
R70W 0.62 -5.84 -5.93 -6.33 -4.34 -14.69 0.51 0.99
R70Y 0.30 -6.51 -6.37 -5.30 -4.52 -18.49 0.49 0.99
I71A -0.05 -7.09 -6.59 -4.59 -4.04 -14.16 0.43 0.99
I71C -0.16 -7.09 -6.60 -4.50 -4.38 -15.71 0.44 0.99
I71D 0.06 -7.43 -10.58 -6.38 -6.70 -18.06 0.49 1.00
I71E -0.04 -7.41 -7.48 -6.28 -6.70 -16.55 0.49 1.00
I71F -0.23 -7.70 -5.37 -3.64 -4.35 -13.18 0.39 0.98
I71G 0.13 -7.43 -10.58 -7.17 -6.92 -19.42 0.49 1.00
I71H -0.14 -7.54 -8.17 -6.41 -5.70 -17.63 0.49 1.00
I71K 0.41 -7.09 -7.03 -6.38 -6.92 -17.39 0.49 1.00
I71L 0.01 -3.63 -2.14 -1.64 -1.35 -8.94 0.20 0.51
I71M -0.02 -4.84 -3.15 -2.65 -2.08 -10.85 0.37 0.83
I71N -0.03 -7.44 -6.95 -6.24 -5.71 -17.35 0.49 1.00
I71P 0.03 -7.37 -6.11 -6.49 -6.92 -17.15 0.48 1.00
I71Q 0.01 -7.33 -7.27 -6.34 -6.70 -15.76 0.49 1.00
I71R 0.05 -7.69 -6.33 -6.42 -6.92 -17.75 0.49 1.00
I71S 0.07 -7.15 -6.75 -5.46 -2.56 -16.16 0.47 1.00
I71T 0.09 -5.80 -5.32 -4.59 -1.77 -14.89 0.48 0.99
I71V 0.93 -4.88 -3.28 -0.96 -0.39 -4.40 0.16 0.22
I71W -0.04 -7.27 -7.48 -6.47 -5.70 -19.44 0.49 1.00
I71Y -0.04 -7.09 -8.02 -4.61 -5.70 -18.66 0.48 1.00
A72C 0.66 -3.02 -2.34 -1.80 -2.44 -8.88 0.18 0.32
A72D 0.56 -3.36 -0.80 -0.53 -1.05 -7.77 0.12 0.51
A72E 0.05 -1.94 -0.35 -0.46 -1.44 -6.57 0.11 0.47
A72F 0.58 -4.41 -3.84 -2.27 -3.18 -10.70 0.29 0.46
A72G 0.88 -3.16 -1.71 -0.36 -0.91 -5.81 0.11 0.12
A72H 0.54 -2.66 -1.28 -0.62 -2.49 -7.33 0.13 0.45
A72I 1.04 -3.81 -2.32 -1.95 -2.36 -7.76 0.19 0.37
A72K -0.15 -2.30 -0.50 -0.16 -1.83 -8.13 0.10 0.67
A72L 0.85 -2.12 -1.02 -1.71 -2.07 -6.61 0.18 0.17
A72M 1.40 -2.67 -1.72 -1.20 -2.46 -7.25 0.16 0.19
A72N 1.02 -1.01 0.53 1.73 -0.66 -3.16 0.10 0.17
A72P 0.45 -3.11 -2.14 -1.57 -2.92 -5.82 0.17 0.65
A72Q 0.36 -2.76 -0.18 -0.26 -1.26 -1.95 0.10 0.28
A72R 0.71 -2.74 -0.63 -0.37 -1.68 -8.67 0.11 0.61
A72S 0.94 -2.83 -1.01 1.00 -0.08 -3.41 0.10 0.07
A72T 0.93 -1.92 -1.02 0.17 -0.04 -3.50 0.10 0.08
A72V 0.65 -3.36 -1.83 -1.66 -1.37 -5.79 0.17 0.21
A72Y 0.77 -3.42 -2.52 -1.86 -2.71 -10.21 0.22 0.60
D73A -0.22 -5.09 -3.67 -5.92 -2.35 -12.01 0.30 0.95
D73C 0.11 -6.10 -5.78 -7.26 -3.61 -14.46 0.41 1.00
D73E 0.04 -3.43 -2.46 -2.08 -1.91 -6.46 0.19 0.83
D73F 0.18 -6.73 -6.34 -6.99 -3.81 -14.53 0.41 1.00
D73G 0.00 -3.13 -2.78 -5.54 -1.17 -11.17 0.29 0.93
D73H 0.20 -6.16 -5.35 -5.13 -3.37 -12.83 0.30 0.99
D73I -0.09 -6.02 -5.94 -7.09 -4.00 -15.06 0.35 1.00
D73K -0.04 -5.55 -4.47 -4.86 -3.21 -16.17 0.29 1.00
D73L 0.02 -6.57 -5.23 -7.73 -3.35 -15.01 0.30 0.99
D73N 0.15 -4.02 -2.89 -3.83 -1.61 -10.09 0.26 0.74
D73P -0.11 -4.58 -3.12 -4.46 -2.01 -12.91 0.29 0.98
D73Q 0.28 -5.55 -4.61 -4.00 -1.89 -13.16 0.29 0.99
D73R -0.07 -6.23 -5.18 -5.83 -3.43 -18.09 0.31 1.00
D73S -0.12 -4.90 -4.08 -4.39 -2.43 -12.72 0.29 0.89
D73T 0.11 -5.57 -4.80 -5.26 -2.61 -13.92 0.30 0.98
D73V -0.03 -5.68 -5.60 -6.83 -3.14 -12.12 0.32 0.99
D73W -0.02 -5.62 -6.33 -7.79 -3.58 -17.38 0.41 1.00
D73Y 0.12 -6.37 -5.33 -6.79 -3.35 -12.40 0.34 0.99
N74A 0.66 -4.86 -3.05 -3.74 -1.82 -6.48 0.27 0.18
N74C 0.91 -5.11 -3.84 -5.04 -2.03 -9.00 0.31 0.24
N74D 0.81 -1.59 0.07 0.31 -0.58 -4.64 0.10 0.19
N74E 0.62 -3.37 -1.00 -0.95 -1.02 -6.17 0.14 0.41
N74F 0.83 -5.10 -4.05 -4.87 -2.38 -10.11 0.32 0.44
N74G 0.84 -5.60 -3.04 -3.15 -2.65 -4.99 0.25 0.20
N74H 0.52 -3.03 -1.50 -2.50 -0.69 -6.48 0.25 0.12
N74I 0.53 -5.68 -4.16 -4.90 -2.58 -8.95 0.30 0.26
N74K 0.84 -4.29 -2.81 -2.56 -2.29 -8.18 0.25 0.66
N74L 0.79 -4.70 -3.59 -5.24 -2.52 -9.57 0.29 0.26
N74M 0.46 -5.04 -4.48 -4.39 -2.70 -8.80 0.32 0.31
N74P 0.21 -4.48 -4.05 -3.58 -3.83 -9.89 0.39 0.75
N74Q 0.46 -3.92 -2.56 -2.09 -0.45 -7.16 0.19 0.33
N74R 0.84 -4.82 -3.12 -3.12 -2.47 -10.03 0.25 0.66
N74S 0.87 -3.17 -1.55 -1.73 -0.36 -4.57 0.18 0.08
N74T 0.69 -2.97 -1.47 -2.30 -0.39 -4.06 0.25 0.11
N74V 0.71 -5.00 -4.18 -4.67 -2.45 -7.90 0.32 0.24
N74W 0.43 -4.91 -3.80 -5.74 -3.16 -9.40 0.29 0.81
N74Y 0.86 -5.43 -3.42 -4.49 -2.72 -8.65 0.29 0.28
H75A 0.65 -3.97 -2.08 -3.15 -2.23 -9.55 0.28 0.45
H75C 0.71 -4.32 -2.50 -4.32 -2.60 -9.37 0.39 0.25
H75D 0.71 -2.25 0.15 0.22 -0.19 -8.78 0.11 0.34
H75E 0.70 -3.46 -1.36 -0.37 -0.66 -6.81 0.11 0.50
H75F 0.21 -3.69 -2.91 -3.77 -3.62 -11.36 0.32 0.55
H75G -0.02 -4.11 -2.55 -3.05 -4.43 -11.35 0.28 0.69
H75I 0.41 -4.36 -3.14 -4.21 -3.46 -12.16 0.31 0.75
H75K 0.34 -3.16 -0.88 -2.01 -2.61 -6.12 0.20 0.71
H75L 0.33 -3.67 -2.03 -4.35 -0.79 -9.47 0.31 0.38
H75N 0.82 -4.74 -2.76 -1.01 -1.51 -8.37 0.15 0.15
H75P 0.38 -4.93 -4.32 -2.91 -5.93 -12.98 0.31 0.97
H75Q 0.72 -1.44 0.43 -0.75 0.46 -1.85 0.14 0.20
H75R 0.28 -3.20 -1.38 -2.06 -2.46 -7.06 0.21 0.62
H75S 0.82 -4.00 -2.13 -1.80 -2.39 -8.80 0.19 0.30
H75T 0.64 -4.30 -2.68 -2.61 -1.89 -9.97 0.28 0.54
H75V 0.39 -3.68 -2.54 -3.98 -3.64 -10.92 0.29 0.64
H75W 0.34 -4.26 -3.30 -4.32 -3.16 -10.88 0.32 0.77
H75Y 0.37 -3.86 -2.35 -2.64 -0.66 -9.14 0.30 0.30
T76A -0.01 -5.64 -5.25 -4.46 -3.03 -13.15 0.50 0.85
T76C 0.52 -5.04 -5.73 -5.49 -3.49 -12.83 0.50 0.92
T76D -0.09 -6.46 -6.15 -5.43 -4.44 -16.27 0.51 0.98
T76E -0.17 -5.90 -6.44 -5.43 -6.26 -17.66 0.51 0.99
T76F -0.20 -6.21 -6.24 -6.17 -5.60 -15.57 0.52 0.98
T76G 0.15 -6.49 -7.40 -6.37 -7.97 -13.70 0.52 0.92
T76H -0.17 -5.64 -5.93 -6.16 -5.72 -15.36 0.52 0.89
T76I -0.09 -5.13 -4.76 -5.42 -2.24 -13.00 0.50 0.98
T76K -0.07 -4.79 -4.60 -5.42 -5.25 -14.55 0.50 0.94
T76L -0.04 -4.33 -4.04 -5.43 -4.62 -13.78 0.47 0.90
T76M -0.15 -5.31 -5.49 -5.37 -4.66 -14.81 0.51 0.89
T76N -0.07 -6.02 -5.62 -4.54 -4.65 -10.24 0.47 0.85
T76P 0.09 -5.37 -5.06 -5.20 -7.01 -15.17 0.51 0.92
T76Q -0.06 -5.10 -5.49 -5.43 -6.26 -15.24 0.51 0.94
T76R 0.06 -5.94 -4.94 -5.50 -5.28 -14.40 0.51 0.93
T76S 0.54 -3.83 -3.80 -3.47 -1.90 -8.12 0.37 0.52
T76V -0.09 -5.33 -5.62 -4.54 -5.98 -14.62 0.51 0.93
T76W 0.13 -6.36 -8.93 -6.39 -7.18 -18.38 0.52 0.99
T76Y -0.04 -5.45 -6.33 -6.25 -7.18 -14.87 0.52 0.97
P77A 0.41 -2.11 -2.65 -7.33 -1.41 -7.56 0.38 0.82
P77C 0.81 -6.10 -6.19 -9.21 -4.05 -10.93 0.52 0.99
P77D 0.06 -6.70 -8.11 -7.46 -7.46 -14.10 0.52 1.00
P77E 0.15 -6.72 -10.62 -7.33 -7.46 -13.92 0.52 1.00
P77F 0.03 -5.45 -3.74 -10.38 -5.91 -14.90 0.50 1.00
P77G 0.00 -6.51 -7.41 -8.31 -6.97 -12.01 0.52 0.99
P77H 0.04 -6.49 -8.06 -8.46 -5.91 -13.62 0.52 1.00
P77I -0.15 -5.75 -3.90 -9.42 -4.39 -12.12 0.47 0.99
P77K 0.18 -6.72 -10.62 -7.46 -7.85 -16.29 0.52 1.00
P77L -0.07 -3.84 -2.48 -9.46 -4.03 -11.99 0.39 0.99
P77M -0.10 -6.05 -4.40 -8.49 -4.58 -12.94 0.52 1.00
P77N -0.00 -6.72 -10.59 -8.45 -7.46 -14.07 0.52 1.00
P77Q 0.05 -6.72 -10.58 -7.43 -6.80 -13.29 0.52 1.00
P77R 0.27 -6.52 -7.69 -8.43 -7.85 -14.61 0.52 1.00
P77S 0.07 -6.61 -8.02 -7.39 -2.20 -9.75 0.48 0.99
P77T 0.03 -6.82 -5.71 -7.49 -3.85 -10.12 0.51 0.99
P77V -0.02 -5.66 -3.85 -8.43 -4.52 -9.48 0.40 0.97
P77W -0.29 -6.70 -8.02 -10.46 -6.94 -16.58 0.52 1.00
P77Y -0.10 -6.58 -8.11 -9.46 -6.94 -14.92 0.52 1.00
K78A 0.60 -4.88 -2.73 -2.97 -1.50 -9.35 0.25 0.58
K78C 0.32 -5.53 -4.33 -5.21 -2.19 -13.99 0.41 0.89
K78D 0.90 -4.18 -2.31 -3.85 -1.57 -10.57 0.27 0.90
K78E 0.80 -2.78 -1.65 -2.23 -0.05 -8.28 0.21 0.54
K78F 0.97 -5.49 -3.90 -5.52 -2.83 -13.91 0.30 0.97
K78G 1.19 -4.29 -2.79 -4.57 -1.63 -9.73 0.29 0.70
K78H 0.51 -5.16 -3.76 -4.08 -2.43 -10.87 0.33 0.66
K78I 0.85 -5.05 -3.96 -5.14 -2.15 -12.08 0.29 0.84
K78L 0.22 -4.88 -3.68 -4.58 -2.26 -11.94 0.29 0.69
K78M 0.84 -5.53 -4.60 -3.89 -2.57 -11.09 0.29 0.64
K78N 0.91 -5.22 -3.74 -3.19 -1.34 -8.38 0.25 0.87
K78P 0.16 -5.85 -6.14 -3.95 -5.01 -14.13 0.41 0.99
K78Q 0.52 -3.85 -2.87 -2.44 -1.00 -7.57 0.25 0.25
K78R 1.02 -4.78 -2.76 -1.96 -0.42 -6.99 0.19 0.09
K78S 0.96 -4.60 -2.63 -2.66 -1.43 -9.65 0.25 0.75
K78T 0.24 -3.87 -3.17 -3.19 -1.60 -9.50 0.25 0.69
K78V 0.61 -5.14 -3.65 -4.22 -2.34 -11.22 0.28 0.71
K78W 0.53 -5.63 -4.97 -5.80 -3.43 -15.92 0.42 0.95
K78Y 1.08 -5.41 -4.08 -4.83 -2.44 -13.85 0.37 0.92
E79A 0.37 -6.07 -4.58 -2.53 -0.92 -9.74 0.26 0.57
E79C 0.07 -5.42 -5.14 -4.80 -2.65 -15.26 0.40 0.97
E79D 0.75 -2.87 -1.97 -1.16 -1.15 -5.44 0.15 0.33
E79F -0.14 -5.70 -4.42 -4.80 -3.42 -14.59 0.38 0.96
E79G 0.76 -3.30 -3.56 -3.62 -1.79 -10.71 0.26 0.61
E79I 0.33 -6.09 -7.60 -4.67 -2.92 -13.91 0.38 0.90
E79K 0.59 -5.33 -4.30 -1.60 -1.20 -12.38 0.19 0.91
E79L 0.68 -4.09 -4.59 -4.55 -2.79 -12.94 0.31 0.88
E79M 0.92 -4.74 -5.06 -3.58 -2.78 -12.36 0.26 0.81
E79N 0.30 -5.19 -4.00 -2.04 -1.94 -10.08 0.28 0.77
E79P -0.23 -5.93 -6.96 -3.17 -5.58 -17.09 0.41 1.00
E79Q 0.42 -2.50 -2.07 -0.83 -0.99 -6.66 0.14 0.44
E79R 0.26 -5.38 -4.98 -2.42 -2.64 -15.38 0.41 0.93
E79S 0.32 -3.35 -2.33 -1.36 -1.32 -9.12 0.16 0.54
E79T 0.03 -4.83 -4.38 -2.15 -1.50 -9.54 0.20 0.76
E79V 0.98 -5.75 -6.23 -3.93 -2.13 -11.77 0.38 0.78
E79W 0.46 -4.96 -4.47 -5.01 -4.02 -15.41 0.44 0.99
E79Y 1.22 -4.90 -4.14 -4.12 -3.61 -13.97 0.39 0.95
L80D 0.12 -6.58 -7.58 -7.43 -5.93 -14.73 0.51 0.99
L80E -0.05 -6.09 -6.03 -6.46 -5.84 -10.50 0.51 0.97
L80F -0.09 -5.39 -4.55 -3.58 -4.11 -9.74 0.47 0.91
L80G -0.04 -5.78 -6.92 -7.43 -7.52 -16.00 0.51 0.98
L80H 0.04 -6.16 -4.62 -6.36 -4.10 -10.80 0.47 0.98
L80I -0.05 -6.51 -5.40 -1.86 -1.22 -9.76 0.35 0.62
L80K 0.15 -5.38 -6.17 -5.54 -4.80 -16.43 0.51 0.97
L80M 0.53 -5.63 -6.05 -1.82 -2.56 -10.33 0.33 0.55
L80P -0.06 -6.33 -8.52 -6.53 -7.52 -13.70 0.51 1.00
L80Q -0.07 -5.09 -4.67 -5.50 -5.56 -10.39 0.51 0.97
L80R -0.03 -4.45 -5.17 -5.57 -5.47 -15.34 0.49 0.96
L80S -0.08 -5.48 -4.37 -5.40 -4.73 -11.69 0.46 0.99
L80T -0.38 -5.77 -6.17 -4.58 -2.78 -13.28 0.49 0.94
L80V -0.02 -4.84 -5.23 -2.79 -0.92 -10.42 0.37 0.61
L80W 0.03 -5.67 -6.68 -5.50 -4.36 -14.72 0.51 0.96
L80Y 0.28 -4.18 -3.12 -4.38 -3.76 -9.91 0.39 0.95
G81A 0.83 -3.29 -3.37 -2.12 -1.69 -6.94 0.33 0.57
G81C 0.82 -3.95 -4.23 -4.84 -3.13 -9.75 0.45 0.78
G81D 0.30 -1.47 -1.68 -0.53 -1.00 -5.76 0.13 0.65
G81E 0.80 0.02 0.01 0.20 0.18 -4.20 0.11 0.66
G81F 0.98 -4.44 -5.15 -4.41 -4.46 -11.73 0.45 0.97
G81H 1.09 -1.76 -2.17 -2.27 -2.94 -7.91 0.40 0.92
G81I 0.10 -4.74 -5.18 -4.80 -4.52 -11.30 0.46 0.98
G81K 0.31 -3.30 -2.75 -1.63 -2.42 -6.30 0.20 0.94
G81L 0.71 -4.62 -4.87 -4.79 -3.70 -9.72 0.41 0.91
G81N 0.00 -3.02 -2.22 -1.14 -0.75 -5.59 0.17 0.67
G81P 0.00 -4.38 -4.39 -2.85 -5.49 -9.20 0.44 1.00
G81Q 0.72 -2.25 -2.65 -1.13 -0.85 -6.29 0.24 0.76
G81R 0.41 -4.37 -3.43 -2.22 -0.86 -8.64 0.35 0.91
G81S 1.12 -3.94 -3.41 -1.39 -1.85 -7.66 0.29 0.53
G81T -0.20 -3.94 -4.70 -2.77 -3.61 -9.01 0.45 0.89
G81V 0.28 -4.75 -5.23 -3.90 -1.24 -9.29 0.41 0.95
G81W 0.41 -4.15 -5.85 -4.08 -4.31 -12.63 0.46 0.98
M82A 0.10 -6.32 -5.93 -5.60 -3.65 -17.57 0.50 0.99
M82E 0.13 -6.99 -10.65 -6.54 -6.41 -18.44 0.51 1.00
M82F 0.01 -5.05 -4.51 -4.58 -5.04 -14.74 0.47 0.95
M82G 0.16 -6.97 -8.18 -7.50 -7.39 -19.95 0.50 1.00
M82I -0.03 -3.54 -2.54 -3.59 -0.45 -10.98 0.34 0.98
M82K -0.01 -7.08 -5.82 -5.62 -5.58 -11.45 0.51 1.00
M82L 0.21 -4.05 -2.37 -2.75 -0.31 -8.85 0.34 0.68
M82N 0.03 -6.21 -6.52 -6.34 -6.92 -19.39 0.51 1.00
M82P 0.04 -6.69 -6.31 -6.61 -7.39 -18.80 0.51 1.00
M82Q -0.08 -6.99 -7.61 -4.70 -6.92 -16.53 0.51 1.00
M82R 0.10 -6.94 -7.40 -5.62 -5.15 -16.96 0.50 1.00
M82S 0.09 -6.50 -6.04 -5.54 -6.44 -18.65 0.51 1.00
M82T -0.05 -6.91 -5.97 -5.54 -4.80 -15.19 0.51 1.00
M82V 0.02 -5.19 -3.58 -3.63 -0.45 -11.96 0.42 0.94
M82W 0.05 -6.70 -7.78 -5.75 -4.92 -18.46 0.51 1.00
E83A 0.92 -5.34 -4.50 -5.21 -2.04 -9.68 0.39 0.70
E83C 0.57 -5.18 -4.97 -7.87 -5.05 -13.06 0.50 0.97
E83D 0.65 -5.30 -4.60 -2.45 -1.06 -7.29 0.36 0.62
E83F 0.26 -6.07 -5.06 -7.11 -5.88 -13.22 0.51 0.98
E83G 0.79 -5.82 -4.32 -5.96 -1.58 -8.95 0.46 0.72
E83H 0.28 -5.36 -4.74 -4.49 -4.44 -12.32 0.48 0.95
E83I 0.81 -6.20 -5.52 -6.88 -3.37 -10.41 0.49 0.90
E83K 0.93 -3.10 -2.80 -3.60 -1.78 -11.67 0.36 0.86
E83L 0.87 -4.17 -4.31 -6.92 -4.37 -11.74 0.49 0.91
E83M 0.93 -4.69 -4.82 -6.11 -3.33 -11.25 0.51 0.89
E83N 0.64 -5.47 -4.41 -4.32 -2.73 -11.80 0.46 0.88
E83P -0.14 -4.59 -4.25 -5.25 -5.78 -15.37 0.49 1.00
E83Q 0.35 -3.85 -3.38 -2.69 -1.89 -10.02 0.34 0.50
E83R 0.75 -4.79 -4.00 -4.51 -2.38 -14.14 0.45 0.82
E83S 0.90 -4.53 -3.48 -4.30 -3.58 -12.15 0.46 0.81
E83T 1.01 -3.57 -3.33 -5.20 -2.02 -11.30 0.39 0.80
E83V 0.75 -4.55 -3.91 -6.05 -2.68 -7.37 0.40 0.73
E83W 0.46 -5.72 -6.02 -7.21 -4.62 -15.05 0.51 1.00
E83Y 0.72 -5.76 -5.34 -6.27 -5.63 -13.01 0.50 0.98
E84A 0.57 -4.87 -2.91 -4.43 -2.23 -8.42 0.37 0.68
E84C 1.13 -5.54 -5.17 -6.09 -4.36 -12.33 0.48 0.98
E84D 0.69 -1.31 0.39 0.33 -0.24 -5.29 0.12 0.10
E84F 0.76 -5.23 -4.66 -5.68 -5.30 -13.25 0.45 0.99
E84G 0.80 -4.71 -3.25 -4.23 -1.98 -9.25 0.37 0.71
E84H 0.10 -4.18 -2.55 -3.24 -3.54 -11.26 0.36 0.95
E84K 0.76 -3.77 -2.44 -2.89 -5.21 -13.09 0.36 0.94
E84L 0.24 -5.58 -4.83 -6.13 -5.64 -11.06 0.45 0.96
E84N 0.30 -2.35 -0.85 -1.75 -1.15 -8.72 0.21 0.42
E84P 0.87 -5.21 -2.74 -4.05 -3.99 -10.69 0.39 0.94
E84Q 0.84 -4.04 -2.48 -1.99 -1.36 -9.18 0.26 0.72
E84R 0.81 -4.53 -3.17 -3.59 -5.08 -14.86 0.44 0.94
E84S 0.79 -3.97 -2.71 -2.76 -3.15 -10.50 0.34 0.65
E84T 0.62 -3.30 -2.56 -3.72 -3.35 -10.52 0.38 0.83
E84V 0.55 -5.15 -4.94 -5.30 -3.97 -8.42 0.38 0.90
E84W 0.89 -5.51 -5.45 -6.32 -5.09 -15.67 0.48 1.00
E84Y 0.69 -5.35 -3.99 -5.17 -4.48 -14.13 0.41 0.98
E85A 0.76 -4.59 -3.60 -3.68 -3.45 -9.78 0.33 0.71
E85C 0.90 -4.17 -3.80 -5.80 -3.86 -9.72 0.47 0.97
E85D 0.81 -0.66 0.18 0.18 -0.15 -2.51 0.11 0.14
E85F 0.97 -3.75 -2.98 -5.14 -4.62 -10.24 0.46 0.98
E85G 1.04 -2.74 -0.13 -3.02 -1.30 -3.32 0.30 0.30
E85H 0.48 -4.54 -2.85 -3.10 -3.92 -8.26 0.36 0.95
E85I 0.26 -4.72 -6.57 -5.46 -5.09 -13.69 0.46 0.99
E85K 0.96 -2.97 -1.93 -2.74 -2.19 -10.43 0.34 0.93
E85L 0.88 -3.04 -2.57 -5.80 -3.90 -9.08 0.47 0.95
E85M 1.01 -4.35 -3.40 -4.83 -3.47 -8.21 0.36 0.94
E85N 1.23 -2.02 -0.64 -2.02 -2.15 -3.04 0.21 0.52
E85P -0.24 -4.98 -4.44 -3.74 -6.32 -13.96 0.38 1.00
E85Q 0.65 -3.56 -2.32 -1.97 -2.34 -7.34 0.20 0.74
E85R 0.87 -4.43 -2.75 -3.54 -3.79 -12.02 0.33 0.93
E85S 0.70 -3.28 -2.26 -2.38 -2.71 -8.53 0.33 0.69
E85T 0.42 -5.03 -4.60 -3.54 -5.19 -11.81 0.43 0.89
E85V 0.55 -3.98 -4.45 -4.93 -4.23 -12.39 0.37 0.95
E85W 1.33 -4.06 -4.02 -5.57 -4.53 -12.45 0.43 0.99
E85Y 0.90 -3.33 -2.98 -4.77 -4.50 -10.26 0.43 0.96
D86A 0.69 -4.65 -3.72 -7.66 -4.32 -13.79 0.41 0.99
D86C 0.72 -4.91 -4.43 -8.43 -5.12 -14.86 0.49 1.00
D86E 0.64 -4.70 -4.30 -3.85 -2.75 -9.35 0.43 0.99
D86F -0.12 -4.92 -5.58 -8.66 -5.64 -13.29 0.52 1.00
D86G 0.76 -4.21 -4.34 -6.73 -3.47 -13.14 0.48 0.99
D86H 0.08 -4.99 -5.33 -6.77 -4.89 -14.11 0.52 1.00
D86I 0.01 -6.18 -7.27 -8.69 -6.69 -17.60 0.52 1.00
D86K 0.10 -5.74 -6.09 -6.73 -7.54 -18.07 0.52 1.00
D86L -0.10 -5.58 -5.84 -9.59 -6.69 -17.96 0.52 1.00
D86N 0.84 -4.21 -4.41 -4.78 -0.74 -12.19 0.51 0.99
D86P 0.13 -6.10 -6.19 -6.77 -7.78 -18.04 0.52 1.00
D86Q 0.00 -5.54 -5.76 -5.77 -4.70 -15.63 0.52 1.00
D86R 0.03 -5.95 -6.97 -7.73 -7.54 -19.86 0.52 1.00
D86S 0.86 -4.19 -3.66 -5.64 -4.24 -14.21 0.44 0.99
D86T 0.64 -5.83 -4.54 -6.70 -5.74 -15.31 0.51 1.00
D86V 0.13 -5.68 -5.60 -8.72 -5.02 -15.38 0.51 1.00
D86W -0.10 -6.55 -8.15 -9.72 -6.58 -19.16 0.52 1.00
D86Y 0.37 -6.67 -6.09 -8.72 -5.56 -13.20 0.52 0.99
V87A 0.81 -3.64 -3.28 -2.33 -0.41 -7.34 0.27 0.83
V87D 0.42 -4.34 -4.06 -4.00 -2.59 -10.05 0.35 0.98
V87E 0.69 -2.44 -1.25 -3.34 -1.69 -8.15 0.26 0.91
V87F 0.83 -4.29 -3.89 -3.52 -4.29 -9.79 0.35 0.86
V87G 0.40 -4.96 -5.52 -4.47 -4.92 -9.61 0.41 0.94
V87H 0.57 -5.36 -4.59 -4.48 -3.81 -9.24 0.36 0.98
V87I 0.84 -3.15 -2.38 -0.86 -0.74 -3.89 0.14 0.16
V87K 0.68 -5.17 -3.83 -3.56 -3.21 -11.33 0.31 0.97
V87L 0.87 -4.44 -2.92 -2.10 -1.43 -5.44 0.19 0.84
V87M 0.85 -2.39 -2.57 -1.89 -0.31 -6.62 0.18 0.64
V87N 0.57 -5.05 -3.82 -3.93 -3.31 -8.16 0.41 0.94
V87P -0.03 -5.43 -5.19 -3.88 -3.76 -11.06 0.41 1.00
V87Q 0.82 -4.04 -3.32 -3.12 -2.00 -8.79 0.26 0.91
V87R 0.79 -4.87 -3.73 -4.19 -3.08 -10.92 0.31 0.95
V87S 0.67 -3.83 -2.72 -3.14 -1.95 -7.62 0.26 0.86
V87T 0.95 -2.23 -1.71 -1.59 -1.09 -2.84 0.18 0.59
V87W 0.32 -5.36 -6.72 -4.85 -4.21 -12.74 0.40 0.99
V87Y 0.84 -4.40 -4.21 -3.47 -3.46 -10.02 0.39 0.97
I88A 0.07 -6.14 -6.98 -4.67 -6.15 -13.75 0.51 0.99
I88C -0.03 -6.31 -7.91 -4.70 -6.15 -13.72 0.51 1.00
I88D 0.01 -6.36 -11.10 -6.66 -7.04 -14.83 0.52 1.00
I88E 0.10 -6.36 -11.10 -6.59 -7.04 -15.68 0.52 1.00
I88F 0.09 -5.48 -5.04 -3.78 -5.60 -13.46 0.50 0.99
I88G 0.08 -6.36 -11.10 -7.48 -7.41 -16.75 0.52 1.00
I88H 0.11 -6.24 -7.92 -6.62 -6.46 -17.40 0.52 1.00
I88K 0.01 -6.36 -11.10 -6.55 -7.18 -16.27 0.52 1.00
I88L 0.43 -2.77 -2.29 -1.79 -2.54 -9.37 0.21 0.83
I88M 0.26 -5.07 -4.45 -2.75 -3.04 -10.22 0.46 0.92
I88N -0.01 -5.96 -7.66 -6.62 -6.10 -15.03 0.52 1.00
I88P 0.04 -6.10 -7.02 -6.59 -5.53 -16.05 0.52 1.00
I88Q 0.08 -5.51 -7.21 -6.55 -7.04 -17.00 0.52 1.00
I88R 0.04 -5.88 -6.48 -6.59 -4.14 -16.89 0.52 1.00
I88S 0.14 -6.07 -6.76 -5.66 -2.79 -15.93 0.49 1.00
I88T 0.04 -6.18 -7.31 -4.67 -2.53 -12.22 0.47 0.99
I88V 0.88 -2.71 -2.23 -0.89 -0.10 -6.92 0.24 0.40
I88W -0.06 -6.34 -9.23 -6.59 -6.46 -16.65 0.52 1.00
I88Y 0.07 -6.16 -7.30 -4.70 -6.46 -16.45 0.51 1.00
E89A 0.45 -6.02 -4.99 -5.26 -4.10 -15.12 0.46 0.97
E89C -0.16 -5.09 -4.59 -7.71 -4.38 -17.69 0.45 0.99
E89D 0.58 -2.95 -1.24 -1.57 -1.50 -8.33 0.20 0.82
E89F 0.64 -3.95 -2.98 -7.00 -4.47 -17.84 0.42 1.00
E89G 0.75 -6.10 -5.38 -5.86 -4.17 -14.95 0.44 0.98
E89H 0.12 -3.59 -1.97 -4.33 -3.30 -14.43 0.37 0.99
E89I 0.78 -5.41 -3.99 -7.00 -4.26 -17.53 0.47 1.00
E89K 0.35 -5.60 -3.96 -3.38 -4.51 -16.26 0.44 0.99
E89L 0.76 -6.60 -4.22 -7.14 -4.44 -15.31 0.42 1.00
E89M 0.57 -5.53 -4.43 -6.18 -4.77 -16.19 0.50 0.99
E89N 0.65 -4.44 -3.03 -3.93 -2.43 -13.85 0.45 0.99
E89P -0.34 -6.56 -7.25 -5.08 -6.75 -19.47 0.48 1.00
E89Q 0.29 -5.26 -2.92 -2.59 -2.18 -11.35 0.43 0.94
E89R 0.43 -4.03 -3.31 -4.39 -2.61 -17.86 0.43 0.99
E89S 0.66 -5.19 -3.68 -4.12 -3.99 -15.33 0.46 0.97
E89T 0.81 -6.58 -4.21 -5.08 -3.69 -15.70 0.44 0.99
E89V 0.57 -5.12 -3.59 -6.22 -4.13 -15.24 0.45 0.99
E89W 0.98 -6.31 -5.45 -7.18 -5.29 -18.98 0.50 1.00
E89Y 0.88 -4.43 -2.77 -6.22 -3.66 -16.07 0.42 1.00
V90A 0.93 -3.70 -2.68 -3.36 -1.45 -7.70 0.33 0.92
V90C 0.76 -4.62 -3.87 -4.04 -2.51 -11.87 0.35 0.97
V90D 0.07 -6.49 -10.67 -6.29 -3.53 -14.01 0.50 1.00
V90E -0.03 -6.40 -6.65 -5.47 -4.37 -16.03 0.49 1.00
V90F 0.21 -5.24 -4.55 -4.38 -4.25 -14.05 0.37 0.99
V90G 0.14 -6.08 -7.46 -6.28 -4.78 -12.91 0.49 0.94
V90H 0.16 -5.71 -6.02 -6.29 -4.42 -17.22 0.49 1.00
V90I 0.36 -5.67 -4.15 -0.80 -2.17 -9.14 0.27 0.78
V90K 0.04 -6.43 -9.47 -5.43 -6.64 -18.15 0.49 1.00
V90L 0.03 -3.95 -2.79 -2.57 -2.75 -11.62 0.36 1.00
V90M 0.34 -5.70 -3.79 -2.63 -2.43 -13.10 0.39 1.00
V90N -0.03 -6.47 -9.44 -6.29 -4.98 -13.89 0.49 0.99
V90P 0.20 -6.48 -10.56 -5.43 -6.64 -14.12 0.48 1.00
V90Q 0.03 -6.28 -6.05 -5.43 -4.99 -17.10 0.48 1.00
V90R -0.05 -6.40 -7.43 -6.25 -6.64 -16.44 0.47 0.99
V90S 0.53 -5.24 -5.48 -5.22 -1.32 -11.17 0.48 0.98
V90T 0.84 -4.62 -5.44 -3.55 -2.74 -11.23 0.44 0.98
V90W -0.10 -6.43 -7.64 -6.30 -5.16 -17.42 0.49 1.00
V90Y 0.05 -5.84 -6.52 -4.49 -4.41 -16.19 0.43 1.00
Y91A 0.37 -6.62 -3.60 -6.57 -2.73 -13.34 0.31 0.99
Y91C 0.40 -6.08 -4.37 -6.80 -3.24 -9.60 0.32 0.93
Y91D 0.35 -6.84 -4.73 -7.77 -4.79 -12.47 0.32 1.00
Y91E 0.36 -6.62 -4.38 -6.99 -3.71 -12.42 0.31 1.00
Y91F 0.62 -3.45 -1.57 -2.13 -1.42 -4.99 0.20 0.23
Y91G 0.23 -6.51 -4.97 -7.74 -5.24 -14.75 0.34 0.99
Y91H 0.66 -5.33 -2.82 -3.88 -0.44 -8.05 0.28 0.96
Y91I -0.16 -5.11 -2.62 -5.56 -2.00 -12.84 0.30 0.99
Y91K 0.19 -6.62 -4.53 -7.02 -3.75 -14.25 0.31 1.00
Y91L 0.48 -4.72 -2.67 -5.68 -2.05 -10.97 0.30 0.96
Y91N 0.25 -5.72 -3.36 -7.05 -3.89 -12.06 0.32 0.98
Y91P -0.01 -6.91 -8.80 -7.88 -6.01 -16.74 0.42 1.00
Y91Q 0.39 -5.87 -4.11 -6.34 -3.63 -12.46 0.31 1.00
Y91R 0.37 -6.73 -4.12 -7.05 -3.68 -13.57 0.31 0.99
Y91S 0.15 -6.10 -3.34 -6.77 -2.68 -10.33 0.32 0.98
Y91T 0.18 -6.58 -3.59 -6.70 -2.92 -13.57 0.32 1.00
Y91V 0.87 -4.56 -1.77 -5.64 -2.16 -11.96 0.30 0.96
Y91W 0.61 -6.26 -5.34 -3.89 -2.35 -12.00 0.28 0.83
Q92A 0.63 -5.41 -3.97 -4.74 -2.62 -14.07 0.30 0.52
Q92C 0.77 -5.86 -4.69 -6.42 -3.28 -14.00 0.41 0.96
Q92D 0.40 -6.20 -5.04 -4.16 -2.92 -16.58 0.31 0.98
Q92E 0.51 -4.55 -2.99 -2.46 -2.23 -13.20 0.26 0.48
Q92F 0.06 -5.38 -3.28 -6.28 -3.13 -15.35 0.33 0.96
Q92G 0.69 -6.10 -4.28 -5.88 -3.92 -16.01 0.34 0.70
Q92H 0.57 -4.82 -3.76 -3.83 -1.53 -9.19 0.29 0.92
Q92I 0.49 -4.14 -2.21 -6.00 -2.05 -13.94 0.30 0.84
Q92K 0.74 -5.92 -3.95 -3.27 -3.43 -11.77 0.29 0.80
Q92L 0.37 -3.81 -1.16 -5.26 -2.05 -10.72 0.30 0.64
Q92M 0.87 -5.85 -3.84 -3.73 -2.35 -12.77 0.28 0.66
Q92N 0.33 -6.51 -5.48 -4.04 -2.51 -11.89 0.32 0.85
Q92P 0.61 -5.02 -3.07 -4.96 -3.56 -12.91 0.30 0.89
Q92R 0.80 -5.15 -3.17 -3.25 -2.75 -10.14 0.26 0.70
Q92S 0.81 -5.49 -3.92 -3.99 -2.37 -12.91 0.28 0.59
Q92T 0.73 -6.19 -4.08 -4.66 -2.21 -13.41 0.30 0.47
Q92V 0.86 -4.56 -2.41 -5.25 -1.82 -12.88 0.30 0.60
Q92W 0.66 -6.21 -5.38 -5.75 -3.41 -15.31 0.45 0.97
Q92Y 0.66 -5.64 -4.19 -4.64 -3.15 -13.38 0.34 0.96
E93A 0.51 -3.58 -2.97 -4.91 -2.93 -11.99 0.49 0.88
E93C 0.59 -5.88 -4.59 -7.60 -3.61 -15.87 0.64 0.98
E93D 0.60 -4.92 -4.51 -2.62 -2.12 -10.01 0.49 0.97
E93F 1.10 -5.80 -6.28 -6.93 -2.69 -15.13 0.60 0.99
E93G 0.49 -5.85 -4.84 -5.87 -4.34 -12.55 0.60 0.94
E93H 0.75 -4.20 -2.96 -4.11 -2.31 -8.51 0.45 0.98
E93I 0.08 -5.70 -4.91 -6.90 -3.72 -16.43 0.64 0.99
E93K 0.34 -3.85 -2.41 -3.22 -1.12 -13.01 0.43 0.99
E93L 0.43 -4.94 -5.02 -6.74 -3.63 -13.87 0.60 0.99
E93M 0.61 -5.23 -5.77 -5.64 -3.45 -15.49 0.56 0.97
E93N 0.61 -5.01 -3.80 -3.95 -2.15 -14.42 0.51 0.98
E93P 0.34 -5.29 -4.21 -5.08 -4.15 -12.28 0.55 0.99
E93Q 0.68 -4.28 -3.00 -1.79 -2.20 -5.66 0.29 0.72
E93R 0.55 -5.25 -2.76 -3.95 -3.10 -14.68 0.50 0.97
E93S 0.63 -5.41 -4.01 -4.01 -2.94 -13.23 0.47 0.94
E93T 1.43 -4.96 -4.11 -4.98 -2.99 -14.29 0.52 0.98
E93V 0.53 -5.71 -5.16 -5.97 -2.21 -13.63 0.51 0.96
E93W 0.94 -5.92 -6.45 -6.83 -3.60 -15.90 0.64 1.00
E93Y 0.67 -5.83 -5.65 -5.84 -2.68 -13.35 0.57 0.98
Q94A 0.81 -4.92 -4.56 -5.44 -3.86 -12.71 0.66 0.81
Q94C 0.65 -5.90 -5.15 -7.36 -4.09 -11.26 0.67 1.00
Q94D 0.21 -5.44 -5.35 -4.59 -3.52 -14.86 0.68 0.99
Q94E 0.37 -6.27 -4.99 -2.69 -2.66 -10.84 0.66 0.88
Q94F 0.58 -5.84 -4.81 -7.37 -4.20 -14.43 0.68 0.99
Q94G -0.04 -6.24 -5.77 -6.40 -4.76 -13.15 0.67 0.92
Q94H 0.49 -5.81 -5.43 -4.53 -4.09 -10.00 0.67 1.00
Q94I 0.49 -5.36 -4.61 -7.33 -3.83 -13.44 0.68 0.96
Q94K 0.40 -4.98 -4.26 -3.37 -3.72 -12.93 0.66 0.97
Q94L 0.83 -3.31 -2.19 -6.41 -2.56 -9.64 0.54 0.95
Q94M 0.64 -4.77 -4.08 -4.56 -3.40 -10.15 0.55 0.77
Q94N 0.25 -5.65 -4.17 -4.50 -2.69 -11.64 0.67 0.95
Q94P 0.48 -5.84 -3.96 -5.41 -2.47 -10.28 0.64 0.99
Q94R 0.51 -4.89 -4.33 -3.38 -3.39 -12.42 0.58 0.97
Q94S 0.80 -5.01 -3.69 -4.53 -3.96 -11.78 0.66 0.90
Q94T 0.50 -5.28 -4.35 -5.44 -4.29 -11.87 0.67 0.91
Q94V 0.82 -4.99 -4.12 -6.43 -3.43 -12.44 0.63 0.93
Q94W 0.62 -5.99 -6.78 -6.49 -5.33 -15.69 0.68 1.00
Q94Y 0.72 -5.49 -5.40 -5.53 -5.15 -13.67 0.68 0.99
T95A 0.74 -5.47 -4.12 -3.09 -0.77 -10.20 0.39 0.44
T95C 0.58 -4.76 -3.33 -3.98 -0.05 -11.35 0.53 0.82
T95E 0.07 -4.96 -3.51 -3.87 -2.83 -14.17 0.38 0.81
T95F 0.19 -4.64 -4.85 -4.51 -3.27 -11.53 0.51 0.82
T95G 0.54 -5.00 -3.68 -4.98 -3.50 -12.93 0.41 0.60
T95H 0.23 -4.21 -3.57 -4.77 -3.04 -10.46 0.58 0.80
T95I 0.80 -3.65 -3.34 -3.22 -0.48 -4.14 0.34 0.55
T95L 0.84 -4.26 -2.64 -3.23 -1.37 -7.16 0.34 0.37
T95M 0.81 -3.75 -3.50 -3.27 -0.20 -9.10 0.38 0.33
T95N 0.31 -3.59 -3.14 -3.43 -1.38 -11.34 0.40 0.52
T95P 0.17 -3.87 -2.68 -4.11 -3.64 -12.33 0.53 0.87
T95Q -0.37 -4.17 -2.88 -3.68 -1.44 -12.47 0.36 0.63
T95R 0.87 -3.87 -1.86 -3.88 -3.07 -11.11 0.37 0.77
T95S 0.64 -4.75 -3.16 -2.60 -1.19 -10.68 0.36 0.43
T95V 1.03 -3.43 -2.82 -2.62 -1.13 -6.05 0.33 0.34
T95W 0.87 -5.60 -5.75 -4.99 -3.78 -14.33 0.58 0.95
T95Y -0.61 -4.80 -4.35 -4.53 -3.19 -13.23 0.54 0.88
G96C 0.05 -5.85 -6.39 -7.87 -4.78 -12.22 0.67 0.99
G96D 0.02 -6.03 -5.18 -5.99 -4.61 -11.82 0.68 1.00
G96E -0.03 -4.13 -4.64 -6.82 -2.79 -12.04 0.67 1.00
G96K -0.08 -4.55 -4.75 -6.66 -5.09 -15.19 0.67 1.00
G96L 0.14 -5.72 -7.45 -8.68 -5.49 -15.47 0.68 1.00
G96P 0.58 -5.28 -5.98 -6.68 -4.54 -15.93 0.67 1.00
G96R 0.02 -4.46 -5.04 -6.71 -1.75 -11.21 0.64 0.99
G96S 0.38 -4.48 -4.21 -5.14 -2.61 -11.70 0.57 0.97
G96T 0.03 -5.40 -5.01 -6.91 -5.14 -13.64 0.67 0.99
G96W -0.32 -5.67 -7.80 -6.85 -6.85 -13.23 0.68 1.00
G97A 0.12 -6.01 -5.77 -4.92 -1.79 -8.85 0.64 0.90
G97C 0.07 -6.38 -6.72 -6.97 -3.82 -8.64 0.68 0.97
G97D 0.06 -5.26 -5.75 -5.76 -1.68 -9.53 0.67 0.99
G97E -0.09 -5.52 -5.44 -6.58 -4.50 -9.41 0.68 0.99
G97F 0.40 -6.34 -6.14 -7.30 -6.14 -10.85 0.68 0.98
G97I -0.29 -6.16 -6.90 -8.05 -5.70 -10.65 0.68 0.99
G97K 0.14 -6.04 -5.95 -6.54 -6.14 -10.65 0.67 1.00
G97L 0.42 -5.98 -6.01 -8.07 -5.70 -10.28 0.68 0.99
G97M -0.23 -6.59 -6.54 -7.36 -4.73 -11.82 0.68 0.99
G97N -0.22 -6.33 -6.34 -4.86 -4.13 -10.75 0.66 0.98
G97P -0.19 -6.14 -6.76 -6.59 -6.63 -11.24 0.68 1.00
G97Q -0.23 -6.18 -6.26 -6.57 -5.58 -10.97 0.68 0.99
G97R 0.11 -5.53 -5.47 -6.47 -3.76 -8.60 0.63 0.99
G97S 0.03 -5.88 -5.20 -4.79 -1.28 -8.73 0.64 0.89
G97T 0.23 -6.12 -6.54 -6.26 -4.56 -10.71 0.65 0.96
G97V 0.13 -5.48 -5.90 -7.35 -1.75 -8.66 0.67 0.98
G97W -0.24 -6.23 -7.36 -6.39 -6.14 -9.84 0.68 0.98
G97Y 0.08 -6.24 -7.25 -7.24 -6.14 -10.92 0.68 0.98
