         Exp    Gemme   PROVEAN   EVC    pyFitness
S2A	0.78	0.91	-0.48	-3.72	-3.72
S2C	0.72	0.95	-1.64	-7.69	-6.18
S2D	0.92	0.94	-1.37	-4.3	-4.7
S2E	0.95	0.81	-1.12	-3.82	-4.02
S2F	0.74	0.9	-2.26	-8.75	-4.47
S2G	0.74	0.68	-1.53	-10.96	-6.28
S2H	0.77	0.73	-2.08	-6.07	-6.09
S2I	0.77	0.73	-2.07	-6.11	-6.17
S2K	0.69	0.70	-1.57	-5.4	-5.86
S2L	0.75	0.93	-2.09	-10.96	-6.28
S2M	0.70	0.73	-1.42	-6.15	-6.29
S2N	0.70	0.73	-1.34	-4.45	-4.83
S2P	0.75	0.68	-2.11	-10.96	-6.28
S2Q	0.71	0.73	-1.44	-4.5	-5.03
S2R	0.79	0.8	-1.96	-6.7	-6.15
S2T	0.75	0.98	-1.03	-3.77	-4.28
S2V	0.84	0.73	-1.85	-10.96	-6.28
S2W	0.73	0.73	-2.84	-10.96	-6.28
S2Y	0.73	0.73	-2.30	-4.55	-4.77
D3A	0.54	0.63	-2.89	-5.34	-5.57
D3C	0.16	0.63	-3.76	-7.17	-6.5
D3E	0.54	0.91	-1.3	-3.51	-3.33
D3F	0.21	0.73	-4.03	-10.53	-6.73
D3G	0.68	0.9	-3.07	-6.39	-5.66
D3H	0.71	0.74	-3.1	-5.68	-5.72
D3I	0.67	0.65	-3.81	-7.81	-6.62
D3K	0.55	0.6	-2.76	-3.9	-3.88
D3L	0.5	0.94	-4.07	-10.71	-6.74
D3M	0.32	0.65	-3.39	-11.19	-6.77
D3N	0.59	0.92	-1.76	-3.15	-3.47
D3P	0.37	0.89	-3.06	-11.19	-6.77
D3Q	0.53	0.87	-2.38	-4.75	-4.60
D3R	0.57	0.88	-3.28	-5.06	-5.43
D3S	0.69	0.89	-1.90	-4.12	-4.11
D3V	0.48	0.65	-3.58	-5.31	-5.47
D3W	0.28	0.6	-4.33	-11.19	-6.77
D3Y	0.48	0.6	-3.97	-11.19	-6.77
Q4A	0.67	0.91	-1.63	-5.16	-5.65
Q4C	0.5	0.84	-2.71	-11.04	-7.4
Q4D	0.11	0.98	-1.02	-4.65	-4.78
Q4E	0.3	0.99	-0.45	-3.52	-3.91
Q4F	0.86	0.79	-2.73	-11.34	-7.43
Q4G	0.69	0.88	-2.22	-5.94	-6.17
Q4H	0.69	0.93	-1.68	-5.4	-5.91
Q4I	0.74	0.82	-2.58	-6.37	-6.31
Q4K	0.57	0.93	-1.01	-4.5	-4.54
Q4L	0.9	0.82	-2.29	-11.11	-7.41
Q4M	0.54	0.95	-1.44	-6.31	-6.62
Q4N	0.9	0.94	-0.78	-4.44	-4.62
Q4P	0.64	0.94	-1.92	-5.79	-6.11
Q4R	0.72	0.96	-1.27	-3.51	-4.09
Q4S	0.86	0.91	-0.98	-4.95	-5.29
Q4T	0.92	0.98	-1.28	-3.71	-4.02
Q4V	0.350	0.82	-2.19	-6.26	-6.32
Q4W	0.44	0.79	-2.79	-11.14	-7.41
Q4Y	0.59	0.79	-2.24	-8.29	-7.33
E5A	0.82	0.59	-1.71	-4.51	-4.89
E5C	-0.12	0.38	-3.43	-8.39	-7.91
E5D	0.82	0.99	-1.11	-4.08	-4.46
E5F	0.62	0.34	-3.37	-10.26	-7.9
E5G	0.97	0.61	-2.44	-6.62	-6.83
E5H	0.46	0.55	-2.25	-6.71	-6.78
E5I	-0.32	0.38	-3.14	-7.71	-7.43
E5K	1.1	0.57	-1.18	-4.66	-4.96
E5L	0.62	0.38	-3.1	-7.84	-7.78
E5M	0.91	0.38	-2.49	-4.64	-4.96
E5N	0.57	0.74	-1.62	-4.11	-4.15
E5P	0.92	0.59	-2.35	-5.60	-5.89
E5Q	0.83	0.84	-1.13	-4.56	-4.77
E5R	0.72	0.410	-1.92	-6.57	-6.65
E5S	0.72	0.38	-1.39	-3.86	-3.91
E5T	0.82	0.38	-2.16	-5.63	-5.85
E5V	0.89	0.38	-2.61	-6.19	-6.52
E5W	0.64	0.34	-3.68	-8.8	-7.79
E5Y	0.78	0.34	-3.06	-8.44	-7.85
A6C	0.87	0.74	-2.19	-6.88	-6.17
A6D	0.83	0.85	-2.02	-5.04	-4.84
A6E	0.52	0.85	-1.62	-3.5	-3.16
A6F	0.73	0.59	-3.08	-7.25	-6.42
A6G	1.03	0.78	-1.76	-4.48	-4.46
A6I	0.71	0.83	-2.54	-4.99	-4.89
A6K	0.49	0.74	-1.77	-3.75	-3.57
A6L	0.89	0.91	-2.58	-6.	-5.7
A6M	1.04	0.82	-2.11	-6.22	-6.03
A6N	1.06	0.87	-1.81	-4.27	-4.36
A6P	0.73	0.83	-1.84	-4.39	-4.31
A6R	0.67	0.63	-2.11	-4.73	-4.7
A6S	0.69	0.87	-0.51	-3.31	-3.19
A6T	0.9	0.99	-1.26	-2.83	-2.73
A6V	0.89	0.94	-1.99	-3.03	-3.04
A6W	0.81	0.59	-3.55	-7.82	-6.44
A6Y	0.27	0.59	-2.97	-6.86	-6.26
K7A	0.47	0.74	-2.16	-3.34	-3.21
K7C	0.36	0.53	-3.66	-7.32	-6.56
K7D	0.48	0.78	-2.05	-4.53	-4.37
K7E	0.76	0.79	-1.36	-3.5	-3.08
K7F	0.52	0.43	-3.95	-7.92	-6.8
K7G	0.43	0.63	-2.03	-3.75	-3.66
K7H	0.78	0.78	-2.73	-6.72	-6.34
K7I	0.92	0.47	-3.77	-6.58	-4.87
K7L	0.52	0.47	-3.46	-5.88	-5.75
K7M	-0.02	0.47	-2.76	-6.39	-6.07
K7N	0.55	0.95	-1.79	-3.49	-3.45
K7P	0.63	0.74	-1.88	-4.89	-4.48
K7Q	0.66	0.82	-1.16	-3.37	-3.31
K7R	0.72	0.93	-1.49	-5.15	-5.16
K7S	0.57	0.72	-1.7	-4.05	-3.84
K7T	0.69	0.73	-2.49	-3.89	-3.73
K7V	0.22	0.66	-3.17	-4.83	-4.69
K7W	0.46	0.43	-3.98	-7.69	-6.9
K7Y	0.54	0.43	-3.5	-6.9	-6.52
P8A	0.70	0.79	-2.11	-3.41	-3.74
P8C	0.85	0.59	-3.74	-6.94	-6.86
P8D	-0.13	0.64	-2.15	-4.09	-4.45
P8E	-0.2	0.56	-2.32	-3.27	-3.73
P8F	0.75	0.46	-4.38	-7.25	-7.
P8G	0.51	0.68	-3.06	-4.58	-4.87
P8H	0.37	0.56	-3.63	-3.75	-4.12
P8I	0.36	0.70	-3.48	-5.78	-5.88
P8K	0.19	0.46	-2.86	-2.77	-3.07
P8L	0.79	0.88	-3.38	-3.52	-4.09
P8N	0.32	0.75	-2.9	-3.2	-3.49
P8Q	0.97	0.75	-2.76	-3.62	-3.76
P8R	0.72	0.46	-3.43	-5.01	-5.28
P8S	0.68	0.96	-2.47	-2.97	-3.26
P8T	0.32	0.81	-2.67	-4.18	-4.37
P8V	0.13	0.55	-2.9	-4.62	-4.92
P8W	0.410	0.46	-4.72	-7.98	-6.91
P8Y	0.77	0.46	-4.18	-6.45	-6.37
S9A	0.8	0.75	-0.94	-3.04	-2.98
S9C	0.70	0.5	-2.46	-7.87	-7.07
S9D	0.94	0.4	-1.56	-2.92	-2.88
S9E	0.76	0.66	-1.51	-4.28	-4.42
S9F	0.49	0.3	-3.18	-7.73	-6.97
S9G	0.63	0.63	-1.2	-2.98	-2.84
S9I	0.5	0.3	-2.65	-5.59	-5.3
S9K	0.99	0.58	-1.6	-3.24	-2.99
S9L	0.64	0.3	-2.80	-5.01	-4.03
S9M	0.51	0.3	-2.30	-6.63	-6.32
S9N	0.96	0.63	-1.19	-4.55	-4.49
S9P	0.99	0.71	-1.89	-1.99	-1.97
S9R	0.68	0.36	-2.34	-4.78	-4.86
S9T	0.71	0.75	-1.48	-4.17	-3.94
S9V	0.68	0.3	-2.33	-5.02	-5.03
S9W	0.5	0.3	-3.76	-10.91	-6.93
S9Y	0.61	0.3	-3.13	-5.95	-5.71
T10A	0.73	1.	-0.05	-2.17	-2.1
T10C	0.64	0.76	-1.65	-6.23	-5.56
T10D	0.24	0.84	-1.11	-3.33	-3.22
T10E	0.3	0.85	-0.87	-3.05	-3.22
T10F	0.71	0.61	-2.29	-7.25	-6.10
T10G	0.46	0.85	-0.55	-3.02	-3.22
T10H	0.68	0.72	-1.96	-5.38	-5.10
T10I	0.8	0.81	-1.72	-4.11	-4.3
T10K	0.79	0.70	-1.08	-2.23	-2.35
T10L	0.78	0.67	-1.72	-5.48	-5.38
T10M	0.66	0.67	-1.39	-4.66	-4.63
T10N	0.84	0.96	-1.12	-2.12	-2.02
T10P	0.69	0.82	-1.02	-3.39	-3.6
T10Q	0.69	0.87	-1.08	-3.63	-3.84
T10R	0.70	0.63	-1.39	-3.25	-3.30
T10S	0.67	0.99	-0.23	-1.26	-1.33
T10V	0.88	0.76	-1.14	-3.91	-3.88
T10W	0.81	0.61	-2.49	-8.1	-6.34
T10Y	0.91	0.61	-2.17	-5.83	-5.33
E11A	0.71	0.85	-0.87	-2.34	-2.57
E11C	0.51	0.67	-2.88	-6.26	-5.96
E11D	0.64	0.88	-0.63	-2.38	-2.69
E11F	0.3	0.56	-2.86	-5.74	-5.36
E11G	1.07	0.87	-0.85	-1.58	-1.92
E11H	0.59	0.86	-1.66	-2.88	-3.16
E11I	0.06	0.6	-2.64	-4.46	-4.43
E11K	0.70	0.89	-0.9	-3.07	-3.34
E11L	0.84	0.6	-2.6	-3.42	-3.42
E11M	0.93	0.6	-2.11	-5.07	-5.18
E11N	0.22	0.9	-1.09	-1.71	-2.12
E11P	0.34	0.74	-1.03	-3.11	-3.4
E11Q	0.48	0.99	-0.68	-2.24	-2.63
E11R	0.61	0.78	-1.40	-4.04	-4.08
E11S	0.64	0.96	-0.92	-1.68	-2.1
E11T	0.38	0.84	-1.56	-3.28	-3.04
E11V	0.69	0.75	-2.14	-2.24	-2.5
E11W	0.14	0.56	-2.86	-6.16	-5.57
E11Y	0.33	0.56	-2.5	-5.28	-5.35
D12A	0.82	0.77	-1.58	-4.64	-4.58
D12C	0.67	0.5	-2.86	-7.55	-6.95
D12E	0.6	0.83	-0.76	-2.58	-2.41
D12F	0.61	0.4	-2.99	-7.12	-6.48
D12G	0.81	0.84	-1.37	-4.25	-4.03
D12H	0.70	0.59	-2.01	-5.21	-4.05
D12I	0.82	0.46	-2.45	-5.15	-4.67
D12K	0.65	0.68	-1.76	-2.59	-2.55
D12L	0.63	0.46	-2.91	-5.76	-5.5
D12M	-0.36	0.46	-2.37	-5.56	-5.38
D12N	0.83	0.81	-1.25	-3.56	-3.63
D12P	1.	0.68	-1.08	-3.19	-2.98
D12Q	0.51	0.97	-1.38	-4.24	-3.97
D12R	0.78	0.48	-2.38	-5.19	-4.89
D12S	0.75	0.69	-1.29	-4.24	-3.99
D12T	0.04	0.70	-1.55	-3.38	-3.41
D12V	0.73	0.84	-2.06	-3.88	-3.72
D12W	-0.14	0.4	-3.42	-8.07	-6.86
D12Y	0.61	0.4	-2.84	-7.67	-7.03
L13A	0.86	0.9	0.04	-5.02	-5.12
L13C	0.43	0.74	-1.32	-7.24	-7.06
L13D	0.77	0.87	-1.22	-3.01	-3.18
L13E	0.48	0.9	-0.66	-3.77	-4.07
L13F	0.67	0.81	-1.37	-5.13	-5.25
L13G	0.56	0.96	-1.07	-2.79	-3.09
L13H	0.32	0.86	-1.74	-6.25	-6.37
L13I	0.66	0.89	-0.47	-4.93	-4.29
L13K	0.78	0.8	-0.78	-2.92	-3.29
L13M	0.47	0.97	-0.17	-6.56	-6.52
L13N	0.66	0.88	-1.11	-4.69	-4.59
L13P	0.59	0.85	-0.81	-3.61	-3.82
L13Q	0.63	0.86	-0.91	-4.47	-4.47
L13R	0.82	0.65	-1.26	-5.36	-5.65
L13S	0.81	0.98	-0.70	-4.52	-4.62
L13T	0.68	0.89	-0.67	-4.03	-4.18
L13V	0.74	0.98	-0.4	-3.16	-2.94
L13W	0.63	0.69	-2.08	-8.89	-6.95
L13Y	0.71	0.69	-1.6	-7.3	-7.2
G14A	0.47	0.83	-0.67	-4.25	-4.32
G14C	0.65	0.68	-2.68	-7.49	-7.28
G14D	0.73	0.9	-1.22	-3.21	-3.49
G14E	0.72	0.98	-1.1	-2.54	-2.53
G14F	0.91	0.59	-3.1	-4.83	-4.87
G14H	0.96	0.86	-2.37	-6.48	-6.77
G14I	0.55	0.77	-3.06	-5.71	-5.82
G14K	0.84	0.86	-1.66	-3.36	-3.54
G14L	0.88	0.63	-3.04	-4.73	-4.79
G14M	0.53	0.76	-2.64	-6.03	-6.28
G14N	0.82	0.86	-1.27	-5.01	-5.28
G14P	-0.05	0.84	-1.95	-4.21	-4.34
G14Q	0.84	0.86	-1.55	-5.8	-5.95
G14R	0.67	0.93	-2.08	-6.04	-6.18
G14S	0.51	0.95	-1.	-4.83	-5.13
G14T	0.39	0.84	-1.58	-4.47	-4.73
G14V	0.83	0.77	-2.44	-3.13	-3.28
G14W	0.62	0.72	-3.08	-5.96	-6.25
G14Y	0.98	0.59	-2.98	-6.59	-6.81
D15A	0.74	0.89	-1.37	-2.78	-3.04
D15C	0.64	0.76	-2.86	-4.78	-5.03
D15E	0.71	1.	-0.68	-1.37	-1.83
D15F	0.65	0.76	-3.17	-5.45	-5.66
D15G	0.74	0.93	-1.43	-1.04	-1.33
D15H	0.87	0.8	-2.34	-5.58	-4.60
D15I	0.38	0.97	-2.51	-4.08	-4.29
D15K	0.64	0.86	-1.88	-1.64	-2.11
D15L	0.61	0.88	-3.	-5.34	-5.51
D15N	0.79	0.97	-1.14	-1.16	-1.71
D15P	0.70	0.88	-1.27	-3.23	-3.54
D15Q	0.39	0.9	-1.63	-4.57	-4.64
D15R	0.74	0.85	-2.49	-4.27	-4.66
D15S	0.56	0.88	-1.18	-2.31	-2.81
D15T	0.25	0.88	-1.75	-3.07	-3.13
D15V	0.75	0.91	-2.03	-1.79	-2.2
D15W	0.22	0.69	-3.72	-6.75	-5.92
D15Y	0.48	0.69	-3.	-3.63	-3.91
K16A	0.72	0.75	-1.34	-5.35	-5.53
K16C	0.52	0.52	-3.37	-6.58	-6.58
K16D	0.38	0.77	-1.59	-3.23	-3.43
K16E	0.71	0.95	-0.98	-3.14	-3.38
K16F	0.68	0.58	-3.73	-7.28	-7.13
K16G	0.69	0.73	-1.95	-4.26	-4.52
K16H	0.83	0.77	-2.38	-6.45	-6.66
K16I	0.67	0.70	-3.38	-5.89	-5.86
K16L	0.63	0.5	-3.21	-5.74	-5.25
K16M	0.72	0.5	-2.68	-5.76	-5.99
K16N	0.67	0.77	-1.33	-4.58	-4.72
K16P	0.75	0.71	-1.86	-4.63	-4.67
K16Q	0.6	0.83	-1.2	-4.84	-4.98
K16R	0.70	0.98	-1.39	-4.38	-4.27
K16S	0.74	0.73	-1.28	-4.83	-4.92
K16T	0.67	0.88	-1.82	-4.44	-4.66
K16V	0.63	0.72	-2.68	-5.28	-5.45
K16W	0.34	0.410	-3.80	-7.91	-7.44
K16Y	0.59	0.410	-3.28	-7.18	-7.12
K17A	0.58	0.89	-0.56	-5.27	-5.19
K17C	0.51	0.56	-2.73	-8.64	-8.43
K17D	0.65	0.86	-1.65	-5.63	-5.63
K17E	0.87	0.92	-1.05	-4.74	-4.69
K17F	0.53	0.57	-3.27	-7.56	-7.12
K17G	0.51	0.86	-1.48	-4.49	-4.35
K17H	0.62	0.53	-2.35	-7.03	-6.53
K17I	0.49	0.70	-2.96	-7.82	-7.52
K17L	0.57	0.72	-2.66	-6.8	-6.45
K17M	0.59	0.8	-2.24	-6.8	-6.46
K17N	0.75	0.87	-1.09	-4.91	-4.85
K17P	0.63	0.79	-1.95	-3.83	-3.80
K17Q	0.72	0.77	-1.3	-5.17	-5.26
K17R	0.8	0.99	-1.18	-6.68	-6.21
K17S	0.69	0.82	-0.81	-4.65	-4.85
K17T	1.32	0.87	-1.35	-5.17	-5.32
K17V	0.95	0.87	-2.33	-5.44	-5.41
K17W	0.65	0.38	-3.49	-10.07	-8.42
K17Y	0.62	0.38	-2.97	-6.71	-6.64
E18A	0.69	0.94	-2.17	-3.17	-3.67
E18C	0.27	0.64	-4.07	-5.95	-6.04
E18D	0.87	0.99	-0.85	-2.6	-3.06
E18F	0.65	0.51	-3.96	-5.7	-5.73
E18G	0.9	0.87	-2.23	-3.80	-4.29
E18H	0.69	0.86	-2.28	-5.13	-5.34
E18I	0.61	0.71	-3.71	-5.82	-5.85
E18K	0.81	0.92	-1.33	-1.53	-1.7
E18L	0.58	0.59	-3.78	-5.46	-5.43
E18M	0.75	0.76	-3.22	-4.48	-4.64
E18N	0.71	0.96	-1.6	-3.37	-3.82
E18P	0.64	0.9	-2.58	-3.88	-4.08
E18Q	0.74	0.92	-1.23	-3.47	-3.71
E18R	0.68	0.72	-2.22	-4.06	-4.42
E18S	0.69	0.92	-1.57	-3.16	-3.44
E18T	0.54	0.83	-2.34	-3.43	-3.75
E18V	0.65	0.89	-3.15	-4.66	-4.95
E18W	0.77	0.51	-4.11	-8.07	-6.99
E18Y	0.62	0.68	-3.51	-6.06	-6.05
G19A	0.69	0.9	-1.27	-4.11	-4.51
G19C	0.66	0.55	-3.13	-7.23	-7.02
G19D	0.70	0.99	-1.46	-4.99	-5.14
G19E	0.81	0.99	-1.76	-2.49	-2.91
G19F	1.13	0.36	-3.46	-6.98	-6.81
G19H	0.62	0.82	-2.32	-6.53	-6.44
G19I	0.70	0.46	-3.48	-5.26	-5.51
G19K	0.82	0.81	-2.03	-4.42	-4.52
G19L	0.72	0.76	-3.36	-6.2	-6.27
G19M	1.	0.70	-2.85	-7.96	-8.15
G19N	0.74	0.91	-1.16	-5.06	-5.60
G19P	0.6	0.82	-2.31	-4.19	-4.54
G19Q	0.61	0.89	-1.90	-4.26	-4.3
G19R	0.92	0.69	-2.38	-6.71	-6.9
G19S	0.66	0.95	-0.78	-3.56	-3.95
G19T	0.96	0.95	-1.78	-4.08	-4.41
G19V	0.77	0.78	-2.95	-4.52	-4.81
G19W	0.52	0.36	-3.43	-7.73	-7.45
G19Y	0.6	0.5	-3.26	-6.86	-6.78
E20A	0.61	0.64	-4.07	-5.4	-5.51
E20C	0.28	0.54	-6.02	-7.69	-7.28
E20D	0.68	0.95	-1.28	-3.12	-3.42
E20F	0.73	0.3	-5.71	-6.38	-6.35
E20G	0.78	0.49	-4.36	-4.55	-4.59
E20H	0.54	0.53	-3.68	-5.9	-5.78
E20I	0.73	0.45	-5.52	-5.54	-5.85
E20K	0.82	0.79	-2.89	-3.23	-3.44
E20L	0.68	0.39	-5.68	-6.12	-6.15
E20M	0.73	0.47	-5.02	-6.93	-7.14
E20N	1.02	0.72	-3.08	-4.61	-4.64
E20P	1.29	0.45	-4.13	-5.99	-6.02
E20Q	0.76	0.81	-2.26	-4.37	-4.46
E20R	0.86	0.53	-3.74	-5.56	-5.79
E20S	0.9	0.71	-3.44	-5.48	-5.65
E20T	-0.1	0.64	-4.	-5.28	-5.31
E20V	0.69	0.5	-4.93	-4.51	-4.74
E20W	0.27	0.37	-5.74	-8.93	-7.99
E20Y	0.89	0.34	-5.17	-7.74	-7.58
Y21A	0.46	0.57	-5.66	-7.07	-7.15
Y21C	0.79	0.67	-6.19	-6.67	-6.68
Y21D	0.33	0.66	-5.85	-6.68	-6.67
Y21E	0.32	0.67	-5.32	-7.48	-7.65
Y21F	0.9	0.82	-2.67	-4.16	-4.22
Y21G	0.44	0.26	-5.88	-6.87	-6.88
Y21H	1.02	0.97	-1.5	-2.78	-3.1
Y21I	0.6	0.51	-5.45	-5.2	-5.48
Y21K	0.66	0.55	-5.7	-4.03	-4.68
Y21L	0.53	0.53	-5.49	-5.35	-5.52
Y21N	0.58	0.95	-5.15	-7.91	-8.09
Y21P	0.67	0.56	-6.56	-5.96	-6.24
Y21Q	0.83	0.75	-4.83	-5.56	-6.06
Y21R	0.58	0.57	-5.55	-6.57	-6.81
Y21S	0.71	0.78	-5.39	-6.18	-6.53
Y21T	0.85	0.62	-5.78	-5.51	-6.
Y21V	0.53	0.81	-5.45	-3.98	-4.28
Y21W	0.66	0.55	-3.81	-8.8	-8.51
I22A	0.06	0.1	-4.52	-5.58	-5.4
I22C	1.	0.23	-4.52	-6.43	-6.37
I22D	-0.07	0.23	-6.23	-7.52	-7.02
I22E	-0.27	0.33	-6.29	-7.73	-7.04
I22F	0.22	0.29	-3.59	-3.34	-3.42
I22G	0.3	0.04	-7.24	-8.07	-7.41
I22H	0.25	0.08	-6.08	-6.26	-6.21
I22K	0.04	0.05	-6.27	-7.63	-7.31
I22L	0.39	0.89	-1.6	-3.41	-3.43
I22M	0.73	0.67	-2.59	-3.42	-3.54
I22N	0.	0.12	-6.23	-8.35	-7.59
I22P	0.410	0.14	-6.34	-7.	-6.54
I22Q	0.07	0.08	-6.27	-6.58	-6.29
I22R	0.37	0.05	-6.27	-6.33	-6.19
I22S	0.34	0.51	-5.43	-4.4	-4.39
I22T	0.87	0.56	-4.52	-5.56	-5.07
I22V	0.51	0.6	-0.93	-3.32	-3.51
I22W	-0.05	0.08	-6.27	-6.67	-6.17
I22Y	-0.14	0.23	-4.52	-7.72	-7.19
K23A	0.54	0.55	-4.19	-6.03	-5.92
K23C	0.39	0.54	-5.74	-6.5	-6.09
K23D	0.350	0.75	-3.23	-5.34	-5.05
K23E	0.61	0.94	-2.35	-4.74	-4.58
K23F	-0.01	0.27	-5.74	-7.09	-6.75
K23G	0.32	0.19	-4.13	-7.23	-6.82
K23H	0.61	0.71	-3.15	-6.34	-6.23
K23I	0.76	0.5	-5.74	-6.06	-5.8
K23L	0.82	0.45	-5.13	-4.86	-5.02
K23M	0.58	0.44	-4.19	-5.34	-5.32
K23N	0.54	0.96	-0.92	-4.05	-4.02
K23P	-0.1	0.25	-4.23	-6.81	-6.72
K23Q	0.76	0.72	-2.30	-4.15	-4.2
K23R	0.93	0.91	-1.56	-5.29	-5.59
K23S	0.70	0.77	-2.63	-4.91	-4.85
K23T	0.64	0.63	-3.52	-3.71	-4.02
K23V	0.77	0.42	-5.18	-6.11	-5.89
K23W	0.96	0.13	-6.07	-8.73	-8.29
K23Y	0.14	0.26	-4.8	-8.02	-7.67
L24A	0.09	0.13	-4.26	-7.05	-7.36
L24C	0.6	0.09	-4.36	-7.34	-7.61
L24D	-0.02	0.2	-6.95	-7.77	-7.24
L24E	-0.18	0.08	-6.04	-7.41	-7.
L24F	0.14	0.25	-3.48	-5.92	-5.62
L24G	0.03	0.05	-7.01	-7.47	-7.22
L24H	0.	0.08	-6.07	-6.51	-6.67
L24I	0.4	0.9	-1.48	-2.43	-2.73
L24K	0.32	0.13	-5.16	-7.54	-7.45
L24M	0.37	0.53	-1.66	-5.03	-5.60
L24N	0.06	0.08	-6.07	-7.17	-7.08
L24P	-0.03	0.3	-6.11	-4.03	-4.62
L24Q	0.09	0.08	-5.19	-7.18	-6.96
L24R	0.01	0.48	-5.09	-4.56	-5.21
L24S	-0.14	0.38	-5.2	-5.17	-5.69
L24T	0.48	0.09	-4.25	-6.5	-6.99
L24V	0.81	0.82	-2.32	-3.31	-3.38
L24W	-0.12	0.1	-5.36	-9.5	-7.62
L24Y	-0.07	0.23	-4.32	-7.	-7.41
K25D	-0.2	0.33	-5.12	-7.23	-7.04
K25E	0.13	0.32	-3.24	-5.85	-6.12
K25F	0.1	0.39	-6.85	-6.33	-6.51
K25G	-0.03	0.15	-5.93	-6.99	-6.76
K25H	1.01	0.31	-4.78	-5.92	-6.21
K25I	0.53	0.350	-6.84	-4.27	-4.5
K25L	-0.12	0.29	-5.9	-6.46	-6.58
K25M	0.07	0.28	-4.92	-6.54	-6.52
K25N	0.70	0.36	-4.04	-5.71	-5.60
K25P	0.12	0.02	-5.15	-9.08	-8.6
K25Q	0.46	0.6	-2.96	-4.1	-4.24
K25R	0.78	0.91	-1.68	-3.62	-3.9
K25S	0.56	0.32	-4.2	-5.54	-5.46
K25T	0.58	0.350	-4.95	-4.38	-4.78
K25V	0.61	0.350	-6.08	-5.46	-5.47
K25W	-0.04	0.07	-6.82	-7.62	-7.5
K25Y	-0.02	0.16	-5.89	-6.84	-6.66
V26A	0.88	0.24	-3.73	-7.01	-6.41
V26E	0.03	0.16	-5.61	-8.37	-7.57
V26F	0.17	0.15	-4.58	-5.37	-4.89
V26G	0.16	0.14	-6.54	-7.9	-7.3
V26I	0.48	0.66	-0.92	-3.42	-3.06
V26K	0.14	0.02	-5.60	-8.65	-7.65
V26L	1.26	0.68	-2.78	-4.09	-3.69
V26M	0.	0.44	-2.77	-5.79	-5.62
V26N	-0.37	0.04	-6.53	-7.54	-7.03
V26Q	0.19	0.04	-5.60	-7.79	-7.
V26Y	-0.03	0.04	-4.61	-8.06	-7.72
I27A	-0.05	0.77	-1.8	-5.06	-5.04
I27C	0.45	0.65	-2.72	-5.85	-5.91
I27F	0.61	0.46	-2.72	-6.24	-6.10
I27G	0.05	0.52	-4.48	-6.12	-5.99
I27K	0.71	0.79	-3.47	-5.24	-5.66
I27L	1.	0.94	-1.02	-3.87	-3.93
I27M	0.32	0.92	-1.3	-4.69	-4.67
I27N	0.58	0.65	-3.94	-5.18	-5.03
I27P	-0.03	0.42	-3.74	-7.27	-6.69
I27R	0.11	0.73	-3.87	-5.06	-5.44
I27S	0.1	0.86	-2.83	-4.3	-4.26
I27T	0.47	0.93	-1.44	-1.64	-1.46
I27V	0.61	0.91	0.25	-1.93	-2.04
I27W	0.94	0.28	-4.4	-6.66	-6.31
I27Y	0.13	0.28	-3.04	-6.78	-6.5
G28A	0.95	0.66	-4.66	-3.87	-3.79
G28C	-0.2	0.4	-7.25	-5.37	-5.74
G28E	0.21	0.78	-6.25	-5.34	-4.74
G28H	0.08	0.51	-6.3	-6.23	-6.5
G28L	-0.24	0.39	-8.08	-4.85	-5.17
G28R	0.65	0.72	-6.29	-2.9	-3.25
G28W	0.45	0.15	-6.63	-7.39	-7.28
Q29F	-0.04	0.22	-6.69	-8.54	-7.88
Q29G	-0.06	0.45	-5.53	-7.53	-7.03
Q29H	0.49	0.85	-4.07	-5.63	-5.45
Q29K	1.15	0.42	-3.13	-6.68	-6.41
Q29L	0.68	0.36	-5.88	-5.26	-5.09
Q29N	1.44	0.79	-3.74	-4.75	-4.49
Q29P	0.74	0.38	-4.91	-6.53	-6.39
Q29R	0.88	0.32	-3.28	-6.87	-6.53
Q29S	0.19	0.56	-3.39	-4.49	-4.19
D30A	0.75	0.59	-7.53	-6.5	-6.53
D30C	-0.25	0.17	-8.57	-9.69	-9.21
D30E	0.52	0.86	-3.62	-5.44	-5.34
D30F	0.1	0.08	-8.49	-8.21	-7.81
D30G	0.81	0.65	-6.74	-5.54	-5.87
D30H	0.43	0.73	-6.62	-6.56	-6.55
D30I	-0.03	0.1	-8.46	-8.42	-7.78
D30K	0.21	0.32	-6.54	-7.53	-7.48
D30L	0.33	0.23	-9.33	-9.06	-8.37
D30N	0.82	0.62	-4.78	-6.34	-6.52
D30P	0.31	0.04	-6.66	-8.53	-8.37
D30Q	0.37	0.62	-5.56	-6.48	-6.23
D30R	0.59	0.26	-7.49	-7.56	-7.63
D30S	-0.03	0.57	-5.68	-5.16	-5.06
D30T	0.52	0.47	-6.63	-5.14	-5.53
D30V	0.08	0.48	-8.41	-5.98	-5.87
D30W	0.04	0.08	-9.43	-9.39	-8.98
D30Y	0.23	0.21	-8.48	-9.88	-8.89
S31C	0.56	0.61	-4.03	-6.45	-6.48
S31D	-0.21	0.6	-2.19	-6.07	-6.02
S31F	0.97	0.37	-4.46	-7.10	-7.04
S31G	0.59	0.97	-0.9	-3.1	-3.55
S31H	-0.14	0.75	-2.84	-6.85	-6.5
S31I	0.48	0.18	-4.63	-7.12	-6.94
S31K	0.01	0.53	-2.5	-5.54	-5.66
S31L	-0.04	0.18	-4.57	-7.78	-7.46
S31M	-0.19	0.18	-3.53	-6.83	-6.45
S31N	0.71	0.97	-0.27	-2.56	-2.42
S31P	0.48	0.11	-3.55	-7.06	-6.69
S31R	0.86	0.70	-2.87	-6.02	-5.97
S31T	0.47	0.88	-1.93	-4.56	-4.42
S31V	-0.11	0.4	-4.42	-7.69	-7.23
S31W	0.97	0.3	-4.97	-7.72	-7.63
S31Y	0.98	0.18	-4.23	-7.77	-7.51
S32A	0.83	0.70	-2.28	-4.98	-4.86
S32C	0.47	0.33	-4.22	-5.60	-5.48
S32D	0.13	0.66	-2.52	-5.71	-5.9
S32F	0.31	0.39	-4.93	-5.92	-5.52
S32G	0.74	0.58	-2.5	-5.46	-5.3
S32H	0.19	0.69	-3.19	-5.79	-5.76
S32I	0.62	0.46	-4.88	-6.35	-5.68
S32K	0.96	0.47	-2.76	-5.39	-5.85
S32L	0.25	0.47	-4.88	-4.97	-5.09
S32M	0.53	0.38	-3.98	-7.3	-6.71
S32N	0.74	0.9	-0.69	-2.97	-2.97
S32P	0.14	0.37	-3.92	-5.07	-4.92
S32R	0.73	0.5	-3.37	-5.25	-5.66
S32T	0.49	0.94	-2.07	-5.19	-5.09
S32V	1.02	0.48	-4.7	-7.15	-6.88
S32W	0.34	0.17	-5.81	-8.48	-7.72
S32Y	0.23	0.37	-4.64	-7.3	-7.18
E33A	0.36	0.45	-4.51	-6.56	-6.25
E33C	0.03	0.3	-7.05	-7.63	-7.28
E33D	0.14	0.71	-2.38	-4.63	-4.4
E33F	-0.08	0.17	-6.26	-7.9	-7.32
E33G	0.03	0.49	-5.75	-6.61	-6.33
E33H	0.01	0.44	-4.18	-6.91	-6.68
E33I	0.87	0.52	-5.61	-6.49	-6.48
E33K	0.48	0.2	-3.23	-6.60	-6.54
E33L	0.350	0.45	-5.97	-6.91	-6.93
E33M	0.2	0.410	-5.15	-6.91	-6.53
E33N	0.29	0.410	-3.98	-7.85	-7.61
E33P	0.17	0.01	-4.8	-6.99	-6.89
E33Q	0.51	0.52	-2.42	-5.22	-5.28
E33R	0.29	0.27	-4.21	-6.16	-6.32
E33S	0.44	0.5	-3.98	-7.12	-6.94
E33T	-0.26	0.38	-4.47	-7.71	-7.79
E33V	0.57	0.52	-4.66	-5.75	-5.86
E33W	-0.11	0.06	-6.63	-8.83	-8.07
E33Y	0.61	0.13	-5.48	-7.94	-7.52
I34A	0.14	0.5	-3.64	-6.47	-6.52
I34C	0.1	0.34	-4.15	-7.39	-6.82
I34D	-0.05	0.32	-6.05	-7.02	-6.84
I34E	0.	0.14	-5.54	-7.33	-7.38
I34F	1.18	0.23	-3.72	-6.37	-6.88
I34G	-0.02	0.16	-6.51	-7.11	-6.85
I34H	0.22	0.33	-6.05	-6.59	-6.85
I34K	0.05	0.28	-5.5	-6.97	-6.51
I34L	0.47	0.66	-1.79	-3.87	-4.23
I34M	0.54	0.71	-2.12	-4.13	-4.04
I34N	0.05	0.25	-5.98	-6.44	-5.94
I34P	0.14	0.24	-5.54	-7.67	-7.22
I34Q	0.	0.34	-5.47	-6.8	-6.34
I34R	0.34	0.22	-5.98	-6.92	-6.79
I34S	0.2	0.56	-4.99	-3.63	-3.63
I34T	0.59	0.67	-3.47	-4.62	-4.65
I34V	0.75	0.94	0.07	-2.45	-2.74
I34W	-0.13	0.11	-6.02	-6.97	-6.94
I34Y	0.17	0.11	-4.19	-8.35	-8.41
H35A	0.410	0.5	-7.02	-8.72	-8.91
H35C	0.85	0.45	-7.97	-9.02	-8.31
H35D	0.56	0.62	-6.48	-8.13	-8.13
H35E	0.39	0.54	-5.46	-8.01	-8.6
H35F	0.71	0.69	-5.83	-6.36	-6.15
H35G	0.31	0.06	-7.46	-10.8	-10.48
H35I	0.62	0.56	-7.53	-7.96	-7.99
H35K	0.66	0.37	-6.24	-9.27	-9.65
H35L	0.54	0.5	-7.4	-8.23	-8.19
H35M	0.59	0.48	-6.56	-8.21	-8.
H35N	0.6	0.6	-5.04	-6.86	-6.91
H35P	0.23	0.31	-7.32	-9.34	-9.56
H35Q	0.63	0.66	-5.	-6.35	-6.59
H35R	0.72	0.410	-5.56	-8.9	-9.16
H35S	0.51	0.5	-6.27	-7.35	-7.68
H35V	0.58	0.5	-7.53	-8.17	-8.25
H35W	0.8	0.55	-6.92	-8.51	-8.4
H35Y	0.72	0.64	-3.65	-5.96	-5.99
F36A	0.1	0.18	-7.85	-6.72	-6.79
F36C	0.06	0.11	-7.85	-6.91	-6.83
F36D	0.14	0.	-8.83	-10.49	-9.37
F36E	-0.14	0.	-8.83	-10.08	-9.77
F36G	0.06	0.	-8.83	-8.76	-7.68
F36I	0.14	0.21	-5.89	-6.23	-6.51
F36L	0.03	0.63	-5.89	-6.3	-6.63
F36M	-0.31	0.17	-5.89	-6.83	-7.2
F36N	-0.03	0.	-8.83	-10.15	-9.11
F36P	0.07	0.	-9.81	-9.31	-8.95
F36Q	0.12	0.	-8.83	-9.18	-8.8
F36R	0.09	0.	-8.83	-7.58	-7.54
F36S	0.06	0.03	-7.85	-8.01	-7.93
F36V	0.11	0.42	-6.87	-6.35	-6.55
F36W	-0.16	0.17	-4.91	-9.54	-9.03
F36Y	0.55	0.51	-2.94	-4.24	-4.17
K37A	0.83	0.26	-4.88	-5.94	-5.60
K37C	-0.09	0.09	-6.85	-7.24	-6.96
K37D	0.25	0.21	-5.13	-5.79	-5.47
K37E	0.07	0.44	-3.17	-6.22	-6.45
K37F	0.02	0.04	-6.85	-8.1	-7.76
K37G	0.12	0.01	-5.87	-7.07	-6.74
K37H	0.07	0.1	-4.56	-6.97	-6.87
K37I	-0.03	0.07	-6.85	-4.89	-4.66
K37L	0.43	0.16	-5.87	-6.84	-6.76
K37M	0.25	0.23	-4.85	-6.2	-6.08
K37N	0.22	0.34	-3.9	-4.81	-4.77
K37P	0.06	0.01	-5.17	-9.17	-8.91
K37Q	0.8	0.27	-2.78	-4.63	-4.69
K37R	0.86	0.88	-1.12	-2.24	-2.53
K37S	-0.31	0.25	-4.19	-5.79	-5.89
K37T	0.09	0.28	-4.88	-4.60	-4.71
K37V	-0.11	0.07	-6.15	-5.95	-5.91
K37W	0.48	0.1	-6.81	-7.43	-7.26
K37Y	-0.15	0.04	-5.83	-7.03	-6.88
V38A	0.46	0.3	-3.82	-4.29	-4.48
V38D	0.09	0.14	-6.34	-7.94	-6.91
V38E	-0.06	0.21	-5.72	-7.23	-6.72
V38F	0.33	0.1	-3.98	-4.79	-4.73
V38G	-0.06	0.01	-6.75	-5.42	-5.03
V38H	-0.14	0.07	-6.32	-8.07	-7.14
V38I	1.04	0.76	-0.16	-2.46	-2.54
V38K	0.19	0.01	-5.71	-7.33	-6.44
V38L	0.72	0.83	-1.96	-2.59	-2.45
V38M	0.96	0.62	-2.4	-4.32	-4.43
V38N	-0.11	0.21	-6.32	-6.87	-6.5
V38P	-0.05	0.01	-5.77	-7.36	-6.94
V38Q	-0.02	0.15	-5.71	-5.77	-5.34
V38R	-0.07	0.01	-6.28	-6.16	-5.55
V38S	-0.12	0.23	-5.35	-6.73	-6.7
V38T	0.76	0.27	-3.82	-4.19	-4.16
V38W	-0.06	0.02	-6.3	-8.17	-7.31
V38Y	0.49	0.02	-4.39	-7.26	-7.15
K39A	0.03	0.04	-5.89	-8.75	-8.22
K39D	0.	0.14	-5.89	-8.21	-8.28
K39E	0.17	0.1	-3.92	-8.65	-8.18
K39G	0.97	0.16	-6.87	-6.74	-6.44
K39H	0.410	0.15	-5.88	-8.44	-8.41
K39I	0.01	0.02	-7.85	-9.64	-8.96
K39L	0.44	0.02	-6.87	-7.61	-7.19
K39M	-0.15	0.09	-5.89	-8.17	-7.88
K39N	0.51	0.31	-4.9	-6.7	-6.71
K39P	0.48	0.1	-5.89	-10.05	-9.77
K39Q	0.55	0.25	-3.92	-8.09	-7.68
K39R	0.68	0.74	-2.94	-5.04	-5.25
K39S	0.57	0.14	-4.91	-7.56	-7.3
K39T	0.42	0.12	-5.89	-7.42	-6.94
K39Y	0.410	0.01	-6.87	-9.49	-9.17
M40A	0.33	0.65	-2.58	-7.85	-8.28
M40E	0.73	0.45	-2.75	-7.67	-7.9
M40F	0.23	0.71	-2.32	-6.08	-6.02
M40G	0.59	0.43	-4.16	-7.7	-7.84
M40I	0.81	0.79	-2.31	-5.52	-5.86
M40K	0.78	0.91	-1.24	-3.83	-4.26
M40L	0.87	0.9	-1.61	-6.39	-6.65
M40N	0.71	0.70	-3.01	-6.23	-6.36
M40P	0.74	0.66	-3.30	-7.61	-8.45
M40Q	0.04	0.58	-1.68	-7.13	-7.32
M40R	0.6	0.87	-1.43	-6.62	-6.88
M40S	0.68	0.71	-2.52	-7.35	-7.59
M40T	0.78	0.61	-2.71	-7.17	-7.2
M40V	0.78	0.65	-2.13	-7.62	-7.76
T41A	0.62	0.74	-2.34	-6.09	-6.05
T41C	0.02	0.38	-3.74	-6.48	-6.33
T41D	-0.42	0.69	-3.2	-3.96	-4.11
T41E	0.13	0.69	-3.16	-4.39	-4.44
T41F	-0.25	0.350	-4.08	-7.29	-7.13
T41G	0.53	0.69	-2.72	-3.45	-3.39
T41I	0.6	0.49	-3.76	-6.32	-6.10
T41K	0.21	0.57	-3.25	-3.71	-4.01
T41L	0.23	0.47	-3.78	-6.44	-6.4
T41M	0.85	0.73	-3.34	-4.26	-4.44
T41N	0.1	0.83	-2.01	-4.39	-4.56
T41P	0.46	0.350	-3.51	-6.99	-6.68
T41R	0.14	0.53	-3.18	-4.27	-4.52
T41S	0.73	0.85	-1.66	-3.38	-3.77
T41V	-0.27	0.53	-2.98	-6.22	-5.95
T41W	0.03	0.2	-4.24	-8.3	-7.88
T42A	0.57	0.54	-4.65	-4.85	-4.7
T42C	0.49	0.19	-5.74	-7.14	-6.99
T42D	0.33	0.2	-5.81	-5.42	-5.95
T42E	0.17	0.21	-5.78	-5.29	-5.44
T42F	-0.04	0.03	-6.77	-5.98	-5.5
T42G	0.31	0.12	-6.7	-7.51	-7.05
T42I	0.18	0.66	-5.77	-4.99	-5.08
T42K	0.39	0.27	-5.78	-8.13	-7.67
T42L	0.58	0.3	-5.77	-5.3	-5.07
T42M	0.45	0.38	-5.78	-4.83	-4.64
T42N	-0.01	0.21	-4.86	-7.3	-7.
T42P	0.09	0.05	-5.78	-8.56	-8.13
T42R	0.19	0.22	-5.78	-7.52	-7.12
T42S	0.55	0.58	-3.80	-4.73	-4.75
T42V	0.69	0.350	-4.78	-5.08	-5.03
T42W	-0.05	0.03	-6.8	-7.7	-7.52
T42Y	-0.16	0.03	-6.77	-8.62	-7.99
H43A	0.82	0.83	-2.42	-5.44	-5.38
H43C	1.	0.54	-4.22	-7.57	-7.18
H43D	0.71	0.4	-2.09	-9.57	-9.05
H43E	0.78	0.62	-1.06	-7.32	-7.12
H43F	0.48	0.22	-4.03	-8.59	-8.36
H43G	0.65	0.36	-3.16	-7.89	-7.7
H43I	0.62	0.5	-4.35	-6.18	-6.23
H43K	1.	0.86	-1.59	-5.73	-5.82
H43L	0.73	0.58	-4.01	-6.5	-6.42
H43N	0.56	0.86	-1.39	-5.10	-5.36
H43P	0.81	0.97	-1.56	-4.4	-4.48
H43Q	0.70	0.96	-0.29	-3.45	-3.49
H43R	1.01	0.92	-1.46	-5.71	-5.66
H43S	0.5	0.81	-1.48	-7.44	-7.43
H43T	0.6	0.77	-2.49	-6.05	-6.5
H43V	0.74	0.57	-3.84	-7.81	-7.45
H43W	0.24	0.22	-4.22	-9.34	-8.57
H43Y	0.56	0.45	-2.42	-5.36	-5.42
L44A	-0.09	0.1	-4.08	-6.43	-6.77
L44C	0.18	0.05	-4.08	-9.11	-8.93
L44D	0.09	0.03	-6.56	-10.7	-8.95
L44E	-0.04	0.03	-5.69	-10.15	-9.2
L44F	0.85	0.57	-2.15	-3.35	-3.18
L44G	0.03	0.02	-6.56	-8.7	-8.74
L44H	0.01	0.03	-5.42	-8.46	-7.71
L44I	0.1	0.52	-1.47	-6.88	-7.34
L44K	0.1	0.04	-4.83	-8.98	-7.75
L44M	0.85	0.88	-0.45	-3.53	-3.5
L44N	-0.05	0.03	-5.69	-10.08	-9.04
L44P	0.07	0.1	-5.82	-8.85	-8.93
L44Q	0.09	0.03	-4.57	-10.07	-9.08
L44R	0.04	0.1	-4.83	-7.77	-7.27
L44S	0.01	0.05	-4.69	-6.66	-6.95
L44T	-0.07	0.05	-4.08	-8.71	-8.92
L44V	-0.12	0.42	-2.22	-7.16	-7.64
L44W	-0.01	0.13	-4.29	-8.17	-8.15
L44Y	0.28	0.13	-3.42	-9.71	-9.04
K45A	0.8	0.84	-2.49	-4.66	-4.99
K45C	0.42	0.49	-4.73	-6.77	-6.58
K45D	0.56	0.6	-3.6	-8.23	-8.32
K45E	0.69	0.65	-2.28	-3.89	-4.12
K45F	0.22	0.32	-5.01	-6.64	-6.5
K45G	1.07	0.75	-3.14	-3.39	-3.67
K45H	0.63	0.51	-3.56	-5.36	-5.37
K45I	0.84	0.59	-4.76	-6.12	-5.95
K45L	0.65	0.63	-4.26	-6.71	-6.63
K45M	0.48	0.54	-3.43	-6.18	-6.10
K45N	0.53	0.64	-2.64	-5.94	-5.89
K45P	0.02	0.14	-3.64	-8.69	-7.79
K45Q	0.74	0.67	-2.16	-4.99	-4.98
K45R	0.77	0.95	-1.32	-3.43	-3.7
K45S	0.64	0.82	-2.15	-3.64	-3.83
K45T	0.26	0.66	-3.11	-5.49	-5.61
K45V	0.61	0.67	-3.97	-5.32	-5.2
K45W	0.350	0.17	-5.23	-8.99	-8.66
K45Y	0.22	0.17	-4.38	-7.33	-7.09
K46A	0.70	0.15	-5.66	-6.93	-7.16
K46C	0.05	0.06	-7.62	-10.53	-10.16
K46D	0.3	0.2	-5.63	-8.21	-8.64
K46E	0.12	0.26	-3.73	-6.66	-6.7
K46F	0.48	0.1	-7.62	-9.65	-9.35
K46G	-0.02	0.07	-6.56	-10.13	-9.58
K46H	0.76	0.16	-5.49	-8.4	-8.46
K46I	0.74	0.13	-7.62	-8.18	-7.74
K46L	0.54	0.11	-6.66	-7.94	-7.77
K46M	0.19	0.03	-5.66	-8.76	-8.92
K46N	0.55	0.58	-4.43	-7.10	-7.2
K46P	-0.03	0.01	-5.73	-8.4	-7.77
K46Q	0.63	0.32	-3.66	-6.82	-7.14
K46R	0.82	0.84	-2.5	-3.82	-3.80
K46S	0.350	0.17	-4.66	-8.14	-8.29
K46T	0.46	0.42	-5.59	-6.46	-6.73
K46V	0.57	0.13	-6.72	-8.18	-7.74
K46W	0.62	0.15	-7.66	-8.73	-8.33
K46Y	0.70	0.12	-6.62	-10.46	-10.16
L47A	-0.09	0.14	-4.83	-4.72	-5.39
L47C	-0.06	0.05	-4.87	-5.71	-5.84
L47D	0.18	0.14	-7.83	-8.65	-7.62
L47E	0.03	0.09	-6.83	-7.69	-7.36
L47F	0.06	0.07	-3.92	-5.58	-5.48
L47G	0.09	0.08	-7.83	-6.61	-6.87
L47H	0.08	0.09	-6.87	-6.55	-5.92
L47I	0.52	0.57	-1.84	-3.39	-3.94
L47K	-0.03	0.02	-5.87	-8.23	-7.35
L47M	0.48	0.48	-1.92	-5.38	-5.64
L47N	0.03	0.05	-6.87	-6.57	-6.33
L47P	0.08	0.4	-6.83	-3.6	-3.94
L47Q	-0.01	0.15	-5.87	-5.77	-5.7
L47R	0.03	0.11	-5.91	-9.75	-7.03
L47S	0.07	0.05	-5.87	-6.27	-6.53
L47T	0.1	0.15	-4.83	-4.29	-4.78
L47V	0.51	0.69	-2.76	-2.36	-2.99
L47W	-0.02	0.02	-5.91	-7.88	-7.26
L47Y	0.12	0.02	-4.87	-6.92	-6.89
K48A	-0.02	0.33	-4.08	-4.72	-4.25
K48C	-0.15	0.33	-5.18	-6.09	-5.72
K48D	-0.04	0.19	-4.72	-7.96	-6.72
K48E	-0.05	0.19	-3.09	-4.63	-4.39
K48F	-0.09	0.54	-5.28	-5.47	-4.86
K48G	-0.11	0.16	-5.42	-6.58	-6.07
K48H	-0.28	0.19	-4.45	-7.18	-6.56
K48I	0.22	0.72	-4.98	-4.92	-4.60
K48L	0.04	0.70	-4.01	-4.67	-4.38
K48M	0.36	0.83	-2.52	-2.78	-2.51
K48N	0.05	0.39	-3.76	-6.45	-6.11
K48P	-0.06	0.06	-4.46	-8.45	-6.7
K48Q	-0.05	0.49	-2.52	-3.67	-3.30
K48R	-0.07	0.56	-2.09	-4.43	-4.15
K48S	-0.04	0.17	-3.42	-7.09	-6.63
K48T	-0.18	0.4	-4.11	-4.4	-3.88
K48V	0.	0.65	-4.28	-6.22	-5.64
K48W	0.04	0.21	-5.55	-7.5	-6.68
K48Y	-0.08	0.4	-4.85	-5.60	-5.
E49A	0.86	0.77	-3.55	-5.15	-5.24
E49C	-0.46	0.59	-5.67	-6.49	-6.02
E49D	0.46	0.76	-1.22	-3.81	-3.93
E49F	0.42	0.23	-5.38	-7.67	-6.85
E49G	0.31	0.6	-4.1	-6.25	-5.75
E49H	0.1	0.73	-2.83	-5.55	-5.46
E49I	0.1	0.53	-5.33	-6.74	-6.43
E49K	0.5	0.91	-0.74	-3.42	-3.77
E49L	0.43	0.54	-5.08	-5.37	-5.39
E49M	0.58	0.55	-4.04	-5.77	-5.7
E49N	0.07	0.78	-1.81	-3.99	-3.98
E49P	-0.23	0.16	-3.54	-6.95	-6.46
E49Q	0.42	0.84	-1.04	-3.57	-3.93
E49R	0.91	0.82	-1.94	-3.71	-3.83
E49S	0.87	0.64	-2.32	-4.27	-4.05
E49T	-0.11	0.65	-3.12	-4.61	-4.4
E49V	0.52	0.55	-4.58	-5.13	-5.01
E49W	-0.14	0.23	-5.52	-7.42	-6.84
E49Y	0.29	0.46	-4.47	-6.32	-5.82
S50A	0.77	0.85	-0.76	-3.69	-3.7
S50C	1.07	0.36	-3.36	-6.2	-6.14
S50D	0.39	0.34	-3.53	-6.15	-6.15
S50E	0.4	0.31	-3.18	-6.8	-6.81
S50F	1.09	0.16	-4.62	-6.19	-5.97
S50G	0.28	0.2	-2.88	-7.76	-7.14
S50I	1.09	0.410	-4.12	-6.12	-5.94
S50K	0.26	0.350	-3.17	-7.05	-7.29
S50L	0.98	0.59	-4.17	-5.91	-5.48
S50M	0.81	0.12	-3.61	-7.22	-7.14
S50P	0.18	0.24	-3.79	-6.67	-6.29
S50R	1.05	0.28	-3.78	-7.24	-7.39
S50T	1.23	0.71	-2.13	-4.34	-4.28
S50V	0.82	0.39	-3.82	-5.60	-5.24
S50W	0.67	0.19	-5.69	-7.84	-7.38
S50Y	0.12	0.12	-4.66	-7.	-6.85
Y51A	0.02	0.22	-8.67	-7.09	-7.06
Y51C	0.08	0.52	-8.71	-4.71	-4.22
Y51D	0.1	0.19	-9.6	-8.39	-7.11
Y51E	0.05	0.07	-8.63	-9.21	-8.13
Y51F	0.61	0.79	-3.72	-3.13	-3.18
Y51G	-0.08	0.21	-9.63	-5.96	-5.73
Y51H	0.	0.2	-4.58	-2.77	-3.02
Y51I	0.31	0.25	-7.71	-6.97	-7.44
Y51K	0.21	0.1	-8.67	-9.21	-8.18
Y51L	-0.09	0.19	-7.71	-7.64	-7.77
Y51M	-0.07	0.19	-7.67	-8.14	-8.36
Y51N	0.24	0.07	-8.6	-7.18	-6.87
Y51P	0.04	0.01	-9.67	-9.5	-8.59
Y51Q	0.07	0.07	-7.7	-8.66	-8.09
Y51R	0.15	0.04	-8.63	-9.3	-8.46
Y51S	-0.06	0.32	-8.63	-7.04	-6.84
Y51V	0.350	0.2	-7.74	-7.37	-7.13
Y51W	0.96	0.52	-4.86	-5.96	-5.76
C52A	-0.14	0.8	-4.28	-3.57	-3.98
C52D	0.01	0.1	-7.67	-7.64	-7.55
C52E	0.08	0.22	-8.04	-5.91	-6.09
C52F	-0.01	0.24	-7.36	-6.78	-6.94
C52G	0.08	0.23	-7.2	-5.48	-5.71
C52H	-0.15	0.33	-7.82	-4.75	-4.67
C52I	-0.21	0.34	-6.52	-4.63	-4.73
C52K	-0.27	0.15	-7.43	-6.59	-6.89
C52L	0.	0.33	-6.51	-6.03	-6.36
C52N	-0.03	0.19	-7.51	-7.44	-7.23
C52P	0.	0.03	-7.59	-7.56	-7.21
C52Q	0.1	0.12	-7.43	-5.41	-6.14
C52R	0.23	0.22	-7.57	-5.69	-6.06
C52S	0.62	0.95	-5.14	-2.41	-2.65
C52V	0.25	0.33	-6.28	-6.45	-6.27
C52W	0.09	0.09	-7.75	-7.96	-7.52
C52Y	-0.01	0.27	-7.36	-4.35	-4.57
Q53A	0.76	0.70	-3.33	-7.75	-7.68
Q53C	-0.11	0.69	-5.08	-7.34	-6.96
Q53D	0.85	0.88	-0.410	-4.48	-4.7
Q53E	0.96	0.96	-0.36	-3.58	-3.84
Q53F	0.97	0.29	-5.13	-9.06	-8.36
Q53G	0.26	0.52	-3.7	-6.62	-6.56
Q53H	0.92	0.73	-2.73	-7.57	-7.2
Q53I	-0.12	0.51	-5.10	-6.9	-6.43
Q53K	0.52	0.89	-2.06	-4.89	-5.10
Q53L	0.69	0.55	-4.97	-6.74	-6.51
Q53M	0.15	0.49	-3.65	-7.59	-7.38
Q53N	0.4	0.81	-1.83	-4.76	-4.44
Q53P	0.64	0.42	-3.36	-9.46	-8.91
Q53R	0.78	0.8	-2.44	-6.11	-6.55
Q53S	0.96	0.8	-2.03	-6.07	-5.78
Q53T	0.99	0.74	-3.1	-7.54	-7.27
Q53V	0.56	0.57	-4.56	-6.59	-6.4
Q53W	1.22	0.42	-5.18	-9.52	-8.42
Q53Y	0.97	0.44	-4.18	-8.18	-7.48
R54A	0.01	0.34	-5.44	-7.43	-7.4
R54C	0.58	0.29	-7.04	-5.88	-5.84
R54F	0.61	0.19	-7.34	-7.28	-7.36
R54G	0.27	0.52	-6.47	-8.66	-8.41
R54I	0.39	0.21	-7.37	-7.17	-6.77
R54K	0.350	0.85	-2.62	-4.18	-4.53
R54L	0.56	0.29	-6.44	-8.02	-8.09
R54M	0.32	0.27	-5.47	-7.43	-7.35
R54N	-0.11	0.42	-4.51	-7.59	-7.37
R54P	-0.17	0.27	-6.42	-9.33	-8.6
R54S	0.21	0.33	-5.4	-6.75	-6.65
R54T	0.15	0.350	-5.47	-8.09	-8.02
R54V	0.72	0.31	-7.34	-7.63	-7.63
R54W	-0.34	0.29	-7.37	-8.87	-8.08
R54Y	-0.05	0.27	-6.3	-8.74	-8.73
Q55A	0.62	0.6	-2.4	-6.98	-6.67
Q55C	0.77	0.27	-3.77	-10.93	-10.44
Q55D	0.54	0.61	-3.16	-9.35	-8.48
Q55E	0.74	0.93	-1.75	-8.03	-7.83
Q55F	0.45	0.39	-3.91	-7.53	-7.56
Q55G	0.23	0.09	-4.09	-9.88	-9.43
Q55H	0.55	0.58	-3.07	-9.55	-9.58
Q55I	0.99	0.76	-2.94	-7.15	-7.15
Q55K	1.07	0.58	-1.93	-7.02	-6.58
Q55L	0.68	0.85	-2.41	-6.89	-7.01
Q55M	1.21	0.73	-1.46	-7.07	-7.04
Q55N	0.6	0.70	-2.85	-8.59	-8.09
Q55P	0.410	0.16	-3.32	-8.87	-8.17
Q55R	1.05	0.54	-2.13	-8.02	-7.08
Q55S	0.74	0.58	-2.30	-8.27	-7.84
Q55T	0.56	0.71	-2.17	-6.32	-6.36
Q55V	1.07	0.82	-2.26	-5.29	-5.12
Q55W	0.48	0.33	-4.02	-8.07	-7.92
Q55Y	0.85	0.44	-3.12	-10.2	-9.8
G56A	0.43	0.63	-4.91	-3.1	-2.74
G56C	0.26	0.4	-7.48	-5.18	-4.85
G56D	0.48	0.82	-5.43	-3.51	-3.32
G56E	0.4	0.75	-6.35	-4.34	-3.75
G56F	0.45	0.22	-7.59	-6.19	-5.34
G56H	0.96	0.36	-6.5	-5.43	-5.13
G56I	0.23	0.23	-8.28	-5.89	-5.28
G56K	-0.05	0.37	-6.48	-4.38	-4.09
G56L	0.3	0.28	-8.34	-6.05	-5.31
G56M	0.69	0.11	-7.38	-6.63	-6.10
G56N	0.58	0.55	-4.60	-3.44	-3.19
G56P	-0.17	0.21	-6.62	-5.67	-5.25
G56Q	0.94	0.55	-6.32	-4.28	-4.
G56R	0.43	0.24	-6.52	-4.5	-4.36
G56S	0.70	0.52	-4.77	-2.32	-1.98
G56T	0.14	0.42	-6.47	-5.46	-4.15
G56V	0.15	0.29	-7.38	-6.57	-5.9
G56W	0.07	0.08	-6.85	-7.01	-5.81
G56Y	0.14	0.08	-7.49	-6.63	-6.07
V57A	0.81	0.54	-2.19	-3.2	-3.41
V57C	0.15	0.49	-3.03	-7.83	-7.46
V57D	0.04	0.2	-4.87	-6.08	-5.76
V57E	0.06	0.34	-4.	-4.98	-4.98
V57F	0.29	0.48	-2.47	-4.1	-4.28
V57G	0.13	0.39	-4.55	-5.88	-6.04
V57H	-0.06	0.44	-4.45	-5.76	-5.53
V57I	0.88	0.91	-0.32	-2.29	-3.11
V57K	0.62	0.69	-3.66	-4.17	-3.82
V57L	0.68	0.86	-0.87	-2.08	-2.49
V57M	0.49	0.72	-1.26	-4.33	-4.27
V57N	0.29	0.2	-4.44	-6.55	-6.17
V57P	-0.08	0.2	-4.15	-5.48	-5.68
V57Q	0.34	0.53	-3.69	-3.89	-3.78
V57R	1.11	0.63	-4.25	-4.82	-4.86
V57S	0.21	0.410	-3.56	-4.61	-4.74
V57T	0.08	0.43	-2.54	-5.08	-5.31
V57W	0.58	0.18	-4.32	-7.47	-7.26
V57Y	0.91	0.37	-2.73	-5.88	-5.93
P58A	0.56	0.89	-1.54	-2.68	-1.94
P58C	-0.1	0.53	-3.26	-5.9	-5.
P58D	0.02	0.91	-1.86	-2.96	-2.59
P58E	0.58	0.85	-1.76	-3.41	-3.04
P58F	-0.04	0.55	-4.03	-5.99	-5.09
P58G	0.58	0.63	-2.36	-5.08	-4.29
P58H	-0.09	0.92	-2.5	-5.	-4.52
P58I	-0.03	0.74	-3.30	-5.43	-4.62
P58K	0.74	0.70	-1.96	-5.41	-5.13
P58L	0.56	0.76	-3.45	-3.81	-3.32
P58N	-0.11	0.92	-1.68	-2.77	-2.31
P58Q	0.4	0.93	-1.59	-2.83	-2.44
P58R	0.53	0.72	-2.65	-3.78	-3.32
P58S	0.76	0.99	-0.67	-1.47	-1.16
P58T	-0.04	0.94	-1.58	-3.	-2.29
P58V	-0.15	0.8	-2.74	-5.02	-4.26
P58W	-0.18	0.350	-4.58	-7.36	-5.79
P58Y	0.03	0.45	-3.42	-5.73	-4.86
M59A	0.58	0.92	-2.84	-3.92	-3.97
M59D	1.67	0.71	-5.09	-5.94	-5.54
M59E	0.67	0.76	-4.26	-4.34	-4.26
M59F	0.84	0.79	-2.97	-5.63	-5.57
M59G	0.27	0.42	-4.93	-6.51	-6.38
M59I	0.65	0.94	-0.86	-3.37	-3.64
M59K	0.95	0.8	-3.72	-4.01	-3.80
M59L	0.44	0.93	-1.02	-3.34	-3.27
M59N	0.68	0.69	-4.55	-8.16	-7.52
M59P	0.67	0.93	-3.93	-4.39	-4.69
M59Q	0.	0.79	-3.36	-5.38	-5.31
M59R	0.67	0.78	-3.96	-4.31	-4.17
M59S	0.46	0.92	-3.65	-3.84	-3.88
M59T	0.88	0.8	-2.98	-4.23	-4.12
M59V	0.88	0.98	-0.66	-1.65	-1.8
M59W	0.24	0.66	-4.32	-6.24	-5.87
N60A	0.350	0.9	-3.49	-5.51	-5.51
N60C	0.21	0.8	-4.75	-7.2	-6.97
N60D	0.74	0.91	-2.42	-3.65	-4.12
N60E	0.98	0.91	-2.46	-5.08	-5.23
N60F	0.38	0.71	-5.14	-7.89	-7.66
N60G	0.88	0.89	-2.49	-4.32	-4.46
N60H	0.63	0.96	-2.33	-5.93	-5.95
N60I	0.08	0.67	-5.13	-7.18	-6.52
N60K	0.36	0.92	-2.77	-7.16	-7.14
N60L	0.12	0.75	-5.08	-6.81	-6.63
N60M	0.09	0.72	-4.15	-8.18	-7.74
N60P	0.350	0.77	-4.17	-7.85	-7.63
N60Q	0.32	0.88	-2.41	-5.55	-5.71
N60R	0.44	0.84	-2.7	-4.99	-5.54
N60S	0.68	0.97	-1.82	-4.29	-4.41
N60T	0.26	0.91	-2.83	-5.39	-5.16
N60V	0.33	0.71	-4.86	-6.9	-6.47
N60W	0.49	0.56	-5.62	-8.8	-8.23
N60Y	0.350	0.76	-4.33	-6.04	-6.06
S61A	0.55	0.83	-2.01	-4.21	-4.2
S61C	0.52	0.43	-3.73	-7.4	-7.17
S61D	0.27	0.62	-2.95	-6.39	-6.97
S61E	0.11	0.68	-2.68	-5.06	-5.16
S61F	0.5	0.46	-4.65	-8.39	-8.16
S61G	0.34	0.57	-3.	-5.46	-5.31
S61I	0.15	0.5	-4.36	-4.66	-4.76
S61K	0.02	0.47	-2.85	-5.49	-5.84
S61L	0.55	0.75	-4.26	-5.48	-5.43
S61M	0.43	0.57	-3.52	-7.18	-7.10
S61N	0.04	0.69	-2.06	-5.67	-5.98
S61P	-0.01	0.28	-3.7	-9.09	-8.4
S61R	0.42	0.46	-3.54	-7.14	-7.17
S61T	0.51	0.97	-1.82	-4.62	-4.49
S61V	0.01	0.58	-4.1	-6.31	-6.19
S61W	0.410	0.25	-5.38	-5.57	-5.54
S61Y	0.87	0.49	-4.48	-6.74	-6.63
L62A	-0.19	0.39	-3.63	-6.38	-6.09
L62C	0.85	0.44	-3.93	-5.8	-5.92
L62D	0.08	0.11	-6.31	-9.06	-8.26
L62F	0.6	0.55	-3.22	-6.35	-6.29
L62G	-0.1	0.26	-6.33	-8.71	-8.01
L62H	0.65	0.11	-5.72	-6.79	-6.45
L62I	1.12	0.68	-0.74	-3.30	-3.42
L62N	0.26	0.11	-5.72	-8.17	-7.65
L62P	-0.01	0.31	-4.94	-6.53	-6.23
L62Q	1.32	0.11	-4.84	-5.42	-5.65
L62R	1.23	0.29	-5.07	-6.38	-6.10
L62S	0.13	0.37	-4.72	-4.75	-4.72
L62V	1.12	0.87	-1.28	-3.52	-3.47
L62W	-0.28	0.18	-5.21	-7.32	-7.07
L62Y	0.63	0.42	-3.93	-7.5	-7.28
R63A	0.07	0.44	-5.77	-5.13	-4.67
R63C	0.37	0.31	-7.81	-7.19	-6.38
R63D	-0.13	0.22	-6.64	-8.25	-7.99
R63E	0.410	0.34	-4.63	-6.69	-6.69
R63F	0.27	0.17	-7.78	-7.58	-7.36
R63G	0.14	0.21	-6.72	-5.99	-5.63
R63H	0.55	0.350	-4.79	-6.06	-6.11
R63I	0.54	0.4	-7.65	-5.69	-5.66
R63K	0.36	0.67	-2.84	-3.91	-3.91
R63L	0.46	0.33	-6.76	-5.48	-5.46
R63M	0.4	0.39	-5.83	-7.06	-6.51
R63N	0.51	0.24	-4.71	-5.12	-5.11
R63P	-0.15	0.02	-6.74	-8.53	-7.56
R63Q	0.24	0.31	-3.77	-5.63	-5.45
R63S	0.4	0.39	-5.74	-5.77	-5.57
R63T	0.33	0.410	-5.79	-6.25	-6.24
R63V	0.38	0.39	-7.68	-5.18	-4.93
R63W	0.82	0.06	-7.77	-6.67	-6.06
R63Y	0.55	0.06	-6.79	-7.24	-6.98
F64A	0.19	0.08	-7.62	-7.24	-7.52
F64C	0.14	0.02	-7.65	-6.53	-6.8
F64D	0.	0.02	-8.62	-10.16	-9.04
F64E	-0.27	0.13	-8.62	-9.89	-8.91
F64G	0.	0.	-8.52	-9.94	-9.12
F64H	0.47	0.02	-6.72	-9.56	-9.06
F64K	0.02	0.01	-8.62	-9.63	-8.67
F64L	0.2	0.27	-5.78	-5.42	-6.37
F64M	-0.05	0.12	-5.75	-7.76	-7.81
F64N	-0.3	0.02	-8.58	-10.65	-9.02
F64P	0.06	0.06	-9.62	-7.63	-7.55
F64Q	0.38	0.02	-8.62	-9.27	-8.81
F64R	0.06	0.11	-8.65	-9.42	-8.81
F64S	0.04	0.16	-7.52	-7.71	-8.16
F64T	0.03	0.02	-7.62	-9.34	-9.17
F64V	-0.02	0.22	-6.75	-6.58	-6.8
F64W	0.17	0.47	-4.86	-6.28	-6.60
F64Y	-0.07	0.48	-2.89	-6.36	-6.76
L65A	0.03	0.28	-3.67	-6.3	-6.18
L65C	0.07	0.37	-3.83	-6.65	-6.63
L65E	-0.04	0.13	-5.10	-6.15	-6.32
L65F	0.53	0.6	-3.30	-4.48	-4.76
L65G	-0.08	0.13	-6.3	-8.95	-8.4
L65H	0.86	0.32	-5.27	-6.06	-6.19
L65I	0.65	0.69	-1.33	-5.10	-5.5
L65K	-0.32	0.48	-4.24	-7.12	-7.32
L65M	0.85	0.62	-1.40	-5.29	-5.54
L65N	0.350	0.33	-5.2	-7.62	-7.73
L65P	0.09	0.26	-5.4	-7.91	-7.33
L65Q	-0.06	0.43	-4.33	-6.33	-6.4
L65R	0.02	0.63	-3.94	-4.83	-5.16
L65S	-0.04	0.43	-4.46	-5.83	-6.11
L65T	0.79	0.37	-3.67	-4.87	-5.45
L65V	0.75	0.66	-2.06	-4.91	-5.46
L65W	-0.17	0.14	-5.07	-7.97	-8.19
L65Y	1.01	0.36	-3.93	-6.32	-6.54
F66A	0.25	0.4	-7.44	-5.02	-4.39
F66C	0.1	0.34	-7.45	-5.36	-5.31
F66D	0.07	0.2	-8.54	-6.21	-5.51
F66E	0.12	0.12	-8.51	-8.74	-7.32
F66G	0.06	0.06	-8.47	-6.3	-5.9
F66H	0.83	0.31	-6.68	-4.71	-4.34
F66I	0.14	0.46	-5.31	-5.54	-5.10
F66K	-0.06	0.06	-8.51	-7.10	-6.56
F66L	0.05	0.77	-5.45	-2.11	-1.95
F66M	0.11	0.44	-5.48	-6.18	-5.57
F66N	0.2	0.12	-8.54	-6.71	-6.5
F66P	0.02	0.19	-9.4	-7.75	-6.53
F66Q	0.01	0.15	-8.51	-6.02	-5.76
F66R	-0.03	0.06	-8.54	-6.82	-6.19
F66S	-0.01	0.37	-7.54	-4.47	-4.14
F66T	0.03	0.39	-7.4	-5.58	-5.08
F66V	0.02	0.51	-6.24	-4.86	-4.59
F66W	0.65	0.53	-4.82	-5.2	-5.01
F66Y	0.79	0.78	-2.82	-1.94	-1.8
E67A	0.52	0.54	-4.37	-5.5	-5.41
E67C	0.71	0.08	-6.03	-7.55	-7.22
E67D	0.5	0.94	1.47	-2.57	-2.30
E67F	0.94	0.08	-5.74	-8.93	-8.28
E67G	0.63	0.34	-4.06	-5.38	-5.25
E67H	0.04	0.52	-3.42	-6.85	-7.01
E67I	-0.36	0.27	-5.71	-9.	-8.2
E67K	0.25	0.19	-3.09	-6.02	-6.19
E67L	0.57	0.19	-6.31	-8.24	-7.51
E67M	0.84	0.07	-5.35	-8.99	-8.42
E67N	0.82	0.71	-1.97	-4.2	-4.28
E67P	0.14	0.17	-3.72	-9.04	-8.21
E67Q	0.37	0.51	-2.17	-6.43	-6.29
E67R	0.07	0.25	-4.01	-6.19	-6.05
E67S	0.16	0.24	-2.71	-8.15	-7.55
E67T	-0.11	0.28	-3.55	-8.56	-7.95
E67V	0.34	0.17	-5.35	-8.06	-7.06
E67W	0.64	0.08	-6.37	-9.61	-9.3
E67Y	0.350	0.25	-5.38	-7.23	-6.87
G68A	-0.1	0.14	-5.64	-5.13	-4.62
G68D	0.16	0.2	-6.7	-2.42	-2.24
G68E	0.04	0.24	-7.69	-5.69	-5.55
G68F	-0.05	0.03	-8.57	-6.96	-6.06
G68H	-0.3	0.06	-7.67	-5.08	-5.03
G68I	-0.25	0.15	-9.53	-7.76	-6.60
G68K	-0.08	0.22	-7.66	-4.25	-4.02
G68L	0.17	0.03	-9.53	-6.02	-4.77
G68M	-0.42	0.03	-8.56	-6.73	-6.23
G68N	0.33	0.12	-5.74	-4.77	-4.49
G68P	0.29	0.01	-7.67	-6.77	-6.47
G68Q	0.74	0.06	-7.66	-4.97	-4.88
G68R	0.11	0.2	-7.66	-4.42	-4.03
G68S	0.31	0.48	-5.65	-4.68	-4.48
G68T	0.01	0.29	-7.59	-5.15	-4.78
G68V	0.02	0.09	-8.54	-4.88	-4.54
G68W	0.14	0.14	-7.65	-5.85	-5.29
G68Y	-0.36	0.19	-8.6	-6.29	-5.99
Q69A	0.86	0.64	-3.89	-7.59	-6.76
Q69C	0.68	0.57	-5.66	-7.9	-7.28
Q69D	0.72	0.75	-3.22	-6.59	-5.95
Q69E	1.05	0.8	-1.69	-5.51	-5.17
Q69F	0.52	0.48	-5.69	-8.79	-7.78
Q69G	0.49	0.350	-4.89	-8.84	-7.94
Q69H	0.42	0.88	-3.02	-5.44	-4.93
Q69I	0.06	0.62	-5.62	-7.10	-6.49
Q69K	0.70	0.87	-2.07	-4.29	-4.18
Q69L	0.47	0.61	-4.93	-6.41	-6.01
Q69M	-0.11	0.51	-3.53	-9.15	-8.32
Q69N	0.74	0.95	-2.89	-5.88	-5.31
Q69P	0.42	0.32	-4.16	-9.33	-8.24
Q69R	0.62	0.81	-1.68	-3.81	-3.81
Q69S	0.73	0.66	-3.03	-6.28	-5.56
Q69T	0.88	0.76	-3.19	-6.39	-5.99
Q69V	0.25	0.62	-4.89	-7.58	-7.07
Q69W	0.38	0.25	-5.23	-8.74	-7.77
Q69Y	0.410	0.43	-4.29	-8.77	-8.08
R70A	0.56	0.410	-4.23	-5.37	-5.21
R70C	0.59	0.26	-6.17	-6.41	-6.2
R70E	0.78	0.32	-3.49	-4.63	-4.95
R70F	0.17	0.22	-6.13	-5.63	-5.55
R70G	0.77	0.18	-5.	-7.24	-6.73
R70H	1.23	0.37	-3.74	-5.71	-5.32
R70I	0.67	0.26	-6.10	-6.63	-6.2
R70K	0.52	0.86	-1.87	-3.49	-3.39
R70L	0.71	0.29	-5.4	-4.09	-4.22
R70M	0.61	0.1	-4.47	-5.89	-5.71
R70N	0.77	0.410	-3.5	-6.01	-6.
R70P	0.71	0.48	-4.32	-3.08	-3.
R70Q	1.35	0.36	-2.7	-4.42	-4.59
R70S	0.93	0.37	-4.06	-4.18	-4.22
R70T	0.71	0.39	-4.3	-4.4	-4.62
R70V	0.74	0.32	-5.86	-6.53	-6.4
R70W	0.62	0.07	-6.33	-7.02	-6.60
R70Y	0.3	0.24	-5.3	-6.17	-6.04
I71A	-0.05	0.38	-4.59	-5.27	-5.42
I71C	-0.16	0.13	-4.5	-6.44	-6.47
I71D	0.06	0.09	-6.38	-9.09	-7.71
I71E	-0.04	0.09	-6.28	-7.94	-7.84
I71F	-0.23	0.31	-3.64	-5.63	-5.49
I71G	0.13	0.350	-7.16	-7.8	-7.5
I71H	-0.14	0.09	-6.4	-7.79	-7.8
I71K	0.410	0.06	-6.38	-7.27	-6.55
I71L	0.01	0.81	-1.64	-2.82	-3.55
I71M	-0.02	0.64	-2.65	-5.59	-6.
I71N	-0.03	0.15	-6.24	-7.36	-7.38
I71P	0.03	0.06	-6.49	-7.	-7.08
I71Q	0.01	0.09	-6.34	-6.41	-6.57
I71R	0.05	0.06	-6.42	-9.77	-9.27
I71S	0.07	0.59	-5.46	-4.64	-5.
I71T	0.09	0.49	-4.59	-2.28	-2.7
I71V	0.93	0.93	-0.96	-3.45	-3.6
I71W	-0.04	0.31	-6.47	-7.83	-7.89
I71Y	-0.04	0.12	-4.61	-7.96	-7.89
A72C	0.66	0.79	-1.8	-6.25	-6.05
A72D	0.56	0.86	-0.53	-3.88	-4.13
A72E	0.05	0.89	-0.46	-3.75	-4.32
A72F	0.58	0.42	-2.27	-7.55	-7.23
A72G	0.88	0.81	-0.36	-3.55	-3.56
A72H	0.54	0.92	-0.62	-5.28	-5.59
A72I	1.04	0.71	-1.95	-5.71	-5.74
A72K	-0.15	0.85	-0.16	-4.48	-4.83
A72L	0.85	0.8	-1.71	-3.92	-4.16
A72M	1.40	0.75	-1.2	-4.19	-4.34
A72N	1.02	0.97	1.73	-2.66	-2.95
A72P	0.45	0.64	-1.57	-6.35	-6.36
A72Q	0.36	0.91	-0.26	-4.37	-4.65
A72R	0.71	0.83	-0.37	-4.71	-4.78
A72S	0.94	0.98	1.	-3.84	-3.97
A72T	0.93	0.99	0.17	-2.37	-2.11
A72V	0.65	0.75	-1.66	-3.84	-3.82
A72Y	0.77	0.63	-1.86	-6.04	-6.18
D73A	-0.22	0.58	-5.92	-7.16	-6.78
D73C	0.11	0.24	-7.26	-8.51	-7.18
D73E	0.04	0.68	-2.08	-3.61	-3.25
D73F	0.18	0.4	-6.99	-9.48	-8.54
D73G	0.	0.54	-5.54	-3.89	-3.4
D73H	0.2	0.54	-5.13	-7.75	-7.29
D73I	-0.09	0.33	-7.09	-7.65	-7.12
D73K	-0.04	0.49	-4.86	-6.82	-6.33
D73L	0.02	0.36	-7.73	-7.62	-7.18
D73N	0.15	0.76	-3.82	-4.64	-4.36
D73P	-0.11	0.61	-4.46	-5.96	-5.39
D73Q	0.28	0.66	-4.	-5.83	-5.38
D73R	-0.07	0.4	-5.83	-7.21	-6.82
D73S	-0.12	0.53	-4.39	-5.9	-5.37
D73T	0.11	0.51	-5.26	-7.45	-7.
D73V	-0.03	0.4	-6.83	-7.82	-7.02
D73W	-0.02	0.34	-7.79	-8.35	-7.04
D73Y	0.12	0.33	-6.79	-7.98	-7.46
N74A	0.66	0.74	-3.74	-5.97	-5.86
N74C	0.91	0.70	-5.04	-6.98	-6.54
N74D	0.81	0.94	0.31	-2.04	-2.48
N74E	0.62	0.89	-0.95	-3.25	-3.67
N74F	0.83	0.410	-4.87	-7.46	-7.4
N74G	0.84	0.58	-3.16	-7.18	-7.65
N74H	0.52	0.97	-2.5	-4.12	-4.55
N74I	0.53	0.58	-4.9	-7.	-6.54
N74K	0.84	0.62	-2.56	-6.05	-5.74
N74L	0.79	0.61	-5.24	-5.55	-5.51
N74M	0.46	0.57	-4.39	-7.25	-6.98
N74P	0.21	0.45	-3.58	-7.79	-7.44
N74Q	0.46	0.95	-2.09	-5.16	-5.07
N74R	0.84	0.62	-3.12	-6.65	-6.89
N74S	0.87	0.71	-1.73	-4.25	-4.46
N74T	0.69	0.89	-2.30	-3.35	-3.63
N74V	0.71	0.62	-4.67	-6.57	-6.16
N74W	0.43	0.31	-5.74	-7.36	-7.2
N74Y	0.86	0.49	-4.49	-6.45	-6.39
H75A	0.65	0.53	-3.15	-4.95	-5.17
H75C	0.71	0.23	-4.32	-7.41	-7.27
H75D	0.71	0.85	0.22	-4.55	-4.9
H75E	0.70	0.84	-0.37	-4.64	-5.
H75F	0.21	0.13	-3.77	-6.34	-6.32
H75G	-0.02	0.25	-3.05	-6.71	-6.62
H75I	0.410	0.46	-4.21	-7.19	-7.09
H75K	0.34	0.49	-2.01	-4.79	-4.97
H75L	0.33	0.410	-4.35	-6.39	-6.53
H75N	0.82	0.72	-1.01	-6.23	-6.05
H75P	0.38	0.16	-2.91	-7.07	-6.27
H75Q	0.72	0.96	-0.75	-3.56	-3.79
H75R	0.28	0.52	-2.06	-5.44	-5.58
H75S	0.82	0.5	-1.8	-5.22	-5.57
H75T	0.64	0.58	-2.61	-5.67	-5.72
H75V	0.39	0.45	-3.98	-6.12	-6.41
H75W	0.34	0.13	-4.32	-7.83	-7.64
H75Y	0.37	0.32	-2.64	-6.46	-6.38
T76A	-0.01	0.48	-4.46	-3.68	-3.46
T76C	0.52	0.47	-5.49	-5.33	-5.04
T76D	-0.09	0.26	-5.43	-7.91	-7.2
T76E	-0.17	0.16	-5.43	-6.25	-5.68
T76F	-0.2	0.17	-6.17	-7.47	-7.19
T76G	0.15	0.01	-6.36	-7.95	-6.86
T76H	-0.17	0.19	-6.16	-5.74	-5.09
T76I	-0.09	0.54	-5.42	-2.37	-2.1
T76K	-0.07	0.15	-5.42	-4.89	-4.56
T76L	-0.04	0.23	-5.43	-4.83	-4.26
T76M	-0.15	0.19	-5.37	-6.36	-6.16
T76N	-0.07	0.2	-4.54	-4.29	-3.84
T76P	0.09	0.14	-5.2	-4.93	-4.83
T76Q	-0.06	0.09	-5.43	-5.88	-5.34
T76R	0.06	0.09	-5.5	-6.11	-5.52
T76S	0.54	0.72	-3.47	-3.23	-3.26
T76V	-0.09	0.21	-4.54	-6.84	-6.61
T76W	0.13	0.01	-6.39	-8.76	-6.83
T76Y	-0.04	0.01	-6.24	-7.49	-6.86
P77A	0.410	0.76	-7.33	-2.61	-2.14
P77C	0.81	0.11	-9.21	-6.56	-6.10
P77D	0.06	0.09	-7.46	-10.25	-8.18
P77E	0.15	0.04	-7.33	-11.23	-8.04
P77F	0.03	0.14	-10.38	-7.37	-6.94
P77G	0.	0.16	-8.31	-7.83	-7.44
P77H	0.04	0.04	-8.46	-8.37	-7.51
P77I	-0.15	0.18	-9.42	-7.38	-7.42
P77K	0.18	0.18	-7.46	-9.22	-7.7
P77L	-0.07	0.37	-9.46	-5.45	-5.54
P77M	-0.1	0.09	-8.49	-7.03	-6.84
P77N	0.	0.04	-8.45	-9.75	-8.33
P77Q	0.05	0.18	-7.43	-7.8	-5.3
P77R	0.27	0.12	-8.43	-8.96	-7.75
P77S	0.07	0.38	-7.39	-5.38	-5.05
P77T	0.03	0.26	-7.49	-6.7	-6.38
P77V	-0.02	0.26	-8.43	-5.91	-5.5
P77W	-0.29	0.03	-10.46	-7.4	-7.11
P77Y	-0.1	0.03	-9.46	-7.92	-7.54
K78A	0.6	0.81	-2.97	-5.36	-5.8
K78C	0.32	0.410	-5.21	-7.13	-6.97
K78D	0.9	0.78	-3.85	-6.28	-6.25
K78E	0.8	0.99	-2.23	-3.47	-3.49
K78F	0.97	0.45	-5.52	-6.92	-6.73
K78G	1.19	0.53	-4.57	-5.19	-5.61
K78H	0.51	0.74	-4.08	-7.25	-7.01
K78I	0.85	0.6	-5.14	-7.38	-6.91
K78L	0.22	0.64	-4.58	-6.39	-6.2
K78M	0.84	0.53	-3.89	-7.63	-7.21
K78N	0.91	0.8	-3.19	-5.76	-5.77
K78P	0.16	0.3	-3.95	-9.83	-8.88
K78Q	0.52	0.88	-2.44	-4.79	-4.99
K78R	1.02	0.71	-1.96	-5.55	-6.06
K78S	0.96	0.78	-2.66	-5.61	-5.99
K78T	0.24	0.77	-3.19	-5.69	-5.46
K78V	0.61	0.59	-4.22	-6.75	-6.32
K78W	0.53	0.24	-5.8	-8.33	-7.99
K78Y	1.08	0.44	-4.83	-7.03	-7.
E79A	0.37	0.81	-2.53	-5.36	-5.34
E79C	0.07	0.52	-4.8	-7.18	-6.87
E79D	0.75	0.81	-1.16	-3.94	-4.26
E79F	-0.14	0.44	-4.8	-7.78	-7.59
E79G	0.76	0.63	-3.62	-3.83	-3.82
E79I	0.33	0.58	-4.67	-6.39	-6.05
E79K	0.59	0.78	-1.6	-4.19	-4.07
E79L	0.68	0.61	-4.55	-4.32	-4.31
E79M	0.92	0.59	-3.58	-6.01	-5.62
E79N	0.3	0.73	-2.04	-6.66	-6.84
E79P	-0.23	0.4	-3.17	-8.67	-7.66
E79Q	0.42	0.87	-0.83	-2.15	-2.34
E79R	0.26	0.46	-2.42	-6.68	-6.77
E79S	0.32	0.85	-1.36	-3.09	-3.01
E79T	0.03	0.83	-2.15	-5.69	-5.58
E79V	0.98	0.70	-3.93	-6.45	-5.92
E79W	0.46	0.24	-5.01	-7.38	-7.
E79Y	1.22	0.350	-4.12	-5.97	-5.72
L80D	0.12	0.05	-7.43	-9.66	-8.92
L80E	-0.05	0.29	-6.46	-8.82	-8.46
L80F	-0.09	0.28	-3.58	-5.06	-5.2
L80G	-0.04	0.01	-7.43	-9.27	-8.02
L80H	0.04	0.15	-6.36	-6.98	-6.74
L80I	-0.05	0.55	-1.86	-6.8	-6.97
L80K	0.15	0.18	-5.54	-7.61	-7.31
L80M	0.53	0.54	-1.82	-5.57	-5.42
L80P	-0.06	0.1	-6.53	-9.61	-8.2
L80Q	-0.07	0.05	-5.5	-8.08	-8.
L80R	-0.03	0.11	-5.57	-7.7	-7.15
L80S	-0.08	0.25	-5.4	-7.23	-6.84
L80T	-0.38	0.24	-4.58	-6.88	-6.66
L80V	-0.02	0.88	-2.78	-4.28	-3.85
L80W	0.03	0.25	-5.5	-7.92	-7.65
L80Y	0.28	0.31	-4.38	-5.73	-6.16
G81A	0.83	0.59	-2.12	-4.92	-4.7
G81C	0.82	0.47	-4.84	-6.11	-5.65
G81D	0.3	0.9	-0.52	-1.15	-1.02
G81E	0.8	0.97	0.2	-0.3	-0.27
G81F	0.98	0.42	-4.41	-6.51	-6.14
G81H	1.09	0.79	-2.26	-3.33	-3.14
G81I	0.1	0.43	-4.8	-5.84	-5.52
G81K	0.31	0.62	-1.63	-3.53	-3.41
G81L	0.71	0.51	-4.79	-5.33	-5.23
G81N	0.	0.77	-1.14	-2.15	-2.36
G81P	0.	0.39	-2.85	-5.66	-5.21
G81Q	0.72	0.77	-1.13	-3.4	-3.41
G81R	0.410	0.6	-2.22	-1.47	-1.73
G81S	1.12	0.76	-1.39	-3.1	-3.04
G81T	-0.2	0.5	-2.77	-4.44	-4.24
G81V	0.28	0.43	-3.9	-5.72	-5.29
G81W	0.410	0.21	-4.08	-6.74	-5.7
M82A	0.1	0.23	-5.60	-8.34	-8.7
M82E	0.13	0.07	-6.54	-9.36	-9.12
M82F	0.01	0.29	-4.58	-6.14	-6.84
M82G	0.16	0.13	-7.5	-8.56	-8.91
M82I	-0.03	0.83	-3.59	-3.47	-4.3
M82K	-0.01	0.18	-5.62	-9.49	-9.67
M82L	0.21	0.83	-2.75	-3.49	-4.02
M82N	0.03	0.18	-6.34	-9.02	-9.48
M82P	0.04	0.03	-6.61	-9.13	-9.45
M82Q	-0.08	0.18	-4.7	-9.86	-9.52
M82R	0.1	0.22	-5.62	-8.52	-8.2
M82S	0.09	0.22	-5.54	-8.66	-9.28
M82T	-0.05	0.27	-5.54	-8.05	-8.75
M82V	0.02	0.53	-3.63	-4.72	-5.47
M82W	0.05	0.22	-5.75	-8.77	-8.98
E83A	0.92	0.67	-5.21	-5.06	-5.3
E83C	0.57	0.16	-7.87	-6.37	-6.28
E83D	0.65	0.8	-2.45	-4.9	-5.25
E83F	0.26	0.08	-7.11	-6.69	-6.82
E83G	0.79	0.28	-5.96	-5.42	-5.63
E83H	0.28	0.55	-4.49	-5.79	-5.71
E83I	0.81	0.42	-6.88	-6.92	-6.88
E83K	0.93	0.64	-3.6	-3.08	-3.43
E83L	0.87	0.410	-6.92	-4.64	-4.98
E83M	0.93	0.44	-6.11	-6.18	-6.08
E83N	0.64	0.57	-4.32	-6.35	-6.58
E83P	-0.14	0.43	-5.25	-6.51	-6.78
E83Q	0.350	0.74	-2.69	-3.9	-4.38
E83R	0.75	0.49	-4.51	-5.15	-5.49
E83S	0.9	0.62	-4.3	-6.09	-6.46
E83T	1.01	0.68	-5.2	-3.96	-4.27
E83V	0.75	0.52	-6.06	-4.38	-4.48
E83W	0.46	0.08	-7.21	-7.58	-7.16
E83Y	0.72	0.18	-6.27	-7.35	-7.4
E84A	0.57	0.55	-4.43	-6.86	-6.42
E84C	1.13	0.29	-6.09	-7.26	-6.63
E84D	0.69	0.95	0.33	-1.71	-1.67
E84F	0.76	0.16	-5.68	-6.83	-6.10
E84G	0.8	0.25	-4.23	-5.62	-5.33
E84H	0.1	0.63	-3.24	-5.23	-4.98
E84K	0.76	0.14	-2.89	-4.27	-4.09
E84L	0.24	0.24	-6.13	-7.63	-7.
E84N	0.3	0.83	-1.75	-2.86	-2.91
E84P	0.87	0.29	-4.05	-6.29	-6.19
E84Q	0.84	0.84	-1.99	-6.52	-6.
E84R	0.81	0.06	-3.59	-6.76	-6.41
E84S	0.79	0.36	-2.76	-4.31	-4.05
E84T	0.62	0.51	-3.72	-5.51	-5.34
E84V	0.55	0.29	-5.3	-6.31	-5.76
E84W	0.89	0.07	-6.32	-7.95	-6.99
E84Y	0.69	0.07	-5.17	-7.36	-6.94
E85A	0.76	0.39	-3.68	-5.48	-5.64
E85C	0.9	0.44	-5.8	-7.51	-7.3
E85D	0.81	0.94	0.18	-1.51	-1.51
E85F	0.97	0.28	-5.14	-5.86	-5.83
E85G	1.04	0.83	-3.02	-2.79	-3.22
E85H	0.48	0.44	-3.1	-5.93	-5.69
E85I	0.26	0.64	-5.46	-7.41	-7.16
E85K	0.96	0.48	-2.74	-4.43	-4.19
E85L	0.88	0.4	-5.8	-5.32	-5.41
E85M	1.01	0.44	-4.83	-5.92	-5.62
E85N	1.23	0.71	-2.02	-3.13	-3.5
E85P	-0.24	0.29	-3.74	-7.22	-6.77
E85Q	0.65	0.67	-1.97	-4.29	-4.04
E85R	0.87	0.36	-3.54	-6.11	-6.4
E85S	0.70	0.67	-2.38	-4.24	-4.13
E85T	0.42	0.39	-3.54	-7.46	-7.36
E85V	0.55	0.42	-4.93	-5.86	-5.88
E85W	1.33	0.3	-5.57	-6.95	-6.72
E85Y	0.9	0.28	-4.77	-5.59	-5.91
D86A	0.69	0.3	-7.66	-6.08	-6.3
D86C	0.72	0.17	-8.42	-7.7	-7.47
D86E	0.64	0.49	-3.85	-6.37	-6.27
D86F	-0.12	0.03	-8.66	-7.52	-7.15
D86G	0.76	0.350	-6.73	-5.31	-5.56
D86H	0.08	0.52	-6.77	-9.31	-8.66
D86I	0.01	0.06	-8.69	-8.78	-8.62
D86K	0.1	0.13	-6.73	-9.29	-9.24
D86L	-0.1	0.14	-9.59	-9.7	-9.03
D86N	0.84	0.45	-4.78	-6.84	-5.96
D86P	0.13	0.01	-6.77	-9.36	-9.43
D86Q	0.	0.53	-5.77	-8.75	-8.57
D86R	0.03	0.22	-7.73	-9.25	-9.1
D86S	0.86	0.2	-5.64	-6.73	-6.93
D86T	0.64	0.21	-6.7	-8.23	-8.28
D86V	0.13	0.43	-8.72	-7.54	-7.35
D86W	-0.1	0.03	-9.72	-12.04	-9.89
D86Y	0.37	0.13	-8.72	-8.2	-7.78
V87A	0.81	0.94	-2.33	-3.79	-3.68
V87D	0.42	0.61	-4.	-6.28	-6.08
V87E	0.69	0.77	-3.34	-3.16	-3.16
V87F	0.83	0.61	-3.52	-7.06	-7.07
V87G	0.4	0.13	-4.47	-5.44	-4.96
V87H	0.57	0.54	-4.48	-7.29	-6.96
V87I	0.84	0.89	-0.86	-3.08	-3.37
V87K	0.68	0.53	-3.56	-4.95	-4.66
V87L	0.87	0.87	-2.1	-5.69	-5.46
V87M	0.85	0.91	-1.88	-2.67	-2.5
V87N	0.57	0.36	-3.93	-4.9	-4.86
V87P	-0.03	0.37	-3.88	-7.27	-7.03
V87Q	0.82	0.8	-3.12	-4.22	-3.97
V87R	0.79	0.45	-4.19	-5.74	-5.72
V87S	0.67	0.77	-3.14	-4.5	-4.31
V87T	0.95	0.9	-1.59	-2.47	-3.05
V87W	0.32	0.24	-4.85	-6.96	-6.51
V87Y	0.84	0.46	-3.47	-6.81	-6.78
I88A	0.07	0.14	-4.67	-7.23	-7.55
I88C	-0.03	0.28	-4.7	-7.01	-7.3
I88D	0.01	0.05	-6.66	-10.63	-8.29
I88E	0.1	0.05	-6.59	-9.52	-8.29
I88F	0.09	0.18	-3.78	-7.15	-7.23
I88G	0.08	0.02	-7.48	-8.3	-7.81
I88H	0.11	0.05	-6.62	-8.56	-8.04
I88K	0.01	0.1	-6.56	-8.75	-8.36
I88L	0.43	0.6	-1.79	-3.68	-3.71
I88M	0.26	0.47	-2.75	-6.87	-6.74
I88N	-0.01	0.05	-6.62	-6.97	-7.37
I88P	0.04	0.18	-6.59	-7.42	-7.51
I88Q	0.08	0.19	-6.56	-7.5	-7.47
I88R	0.04	0.05	-6.59	-6.03	-6.41
I88S	0.14	0.25	-5.66	-6.23	-6.45
I88T	0.04	0.34	-4.66	-5.5	-5.87
I88V	0.88	0.93	-0.89	-2.83	-2.97
I88W	-0.06	0.16	-6.59	-8.53	-8.01
I88Y	0.07	0.16	-4.7	-7.59	-7.9
E89A	0.45	0.32	-5.26	-7.45	-7.69
E89C	-0.16	0.26	-7.71	-6.32	-6.61
E89D	0.58	0.74	-1.58	-2.15	-2.38
E89F	0.64	0.28	-7.	-5.15	-5.67
E89G	0.75	0.410	-5.86	-7.22	-7.05
E89H	0.12	0.69	-4.33	-5.28	-6.13
E89I	0.78	0.23	-7.	-6.86	-7.35
E89K	0.350	0.350	-3.38	-5.62	-6.56
E89L	0.76	0.51	-7.14	-5.25	-5.76
E89M	0.57	0.11	-6.18	-8.18	-8.05
E89N	0.65	0.59	-3.93	-6.34	-6.49
E89P	-0.34	0.39	-5.08	-8.97	-8.64
E89Q	0.29	0.77	-2.59	-6.08	-6.51
E89R	0.43	0.51	-4.39	-5.8	-6.38
E89S	0.66	0.56	-4.12	-5.68	-5.94
E89T	0.81	0.21	-5.08	-8.59	-8.88
E89V	0.57	0.27	-6.22	-7.28	-7.56
E89W	0.98	0.11	-7.18	-8.2	-8.1
E89Y	0.88	0.31	-6.22	-4.95	-5.45
V90A	0.93	0.79	-3.36	-2.65	-2.72
V90C	0.76	0.65	-4.04	-3.99	-4.3
V90D	0.07	0.26	-6.29	-6.65	-6.09
V90E	-0.03	0.26	-5.47	-7.9	-7.61
V90F	0.21	0.29	-4.38	-6.53	-6.53
V90G	0.14	0.15	-6.28	-7.33	-7.14
V90H	0.16	0.27	-6.29	-6.83	-6.66
V90I	0.36	0.82	-0.8	-3.15	-3.41
V90K	0.04	0.07	-5.43	-8.48	-7.37
V90L	0.03	0.78	-2.57	-5.67	-6.03
V90M	0.34	0.57	-2.63	-5.56	-5.65
V90N	-0.03	0.28	-6.29	-8.21	-7.21
V90P	0.2	0.14	-5.43	-8.27	-7.28
V90Q	0.03	0.29	-5.43	-7.12	-6.81
V90R	-0.05	0.17	-6.25	-8.37	-7.47
V90S	0.53	0.83	-5.22	-5.48	-5.63
V90T	0.84	0.57	-3.55	-4.37	-4.41
V90W	-0.1	0.25	-6.3	-7.85	-7.78
V90Y	0.05	0.11	-4.48	-6.53	-6.75
Y91A	0.37	0.52	-6.57	-6.59	-6.53
Y91C	0.4	0.44	-6.8	-8.01	-7.88
Y91D	0.350	0.26	-7.77	-10.08	-9.45
Y91E	0.36	0.49	-6.99	-8.66	-8.42
Y91F	0.62	0.85	-2.13	-4.15	-4.47
Y91G	0.23	0.27	-7.74	-7.55	-7.18
Y91H	0.66	0.79	-3.88	-5.49	-5.67
Y91I	-0.16	0.64	-5.56	-6.43	-6.89
Y91K	0.19	0.34	-7.02	-7.7	-8.04
Y91L	0.48	0.61	-5.68	-7.78	-7.88
Y91N	0.25	0.47	-7.05	-7.87	-7.73
Y91P	-0.01	0.37	-7.88	-10.43	-9.29
Y91Q	0.39	0.51	-6.34	-7.11	-7.16
Y91R	0.37	0.3	-7.05	-9.59	-9.63
Y91S	0.15	0.54	-6.77	-6.88	-7.
Y91T	0.18	0.49	-6.7	-7.19	-7.58
Y91V	0.87	0.84	-5.64	-5.5	-6.18
Y91W	0.61	0.64	-3.89	-8.02	-7.85
Q92A	0.63	0.56	-4.74	-7.52	-7.5
Q92C	0.77	0.25	-6.42	-9.11	-9.2
Q92D	0.4	0.43	-4.16	-8.63	-8.41
Q92E	0.51	0.66	-2.46	-6.27	-6.4
Q92F	0.06	0.36	-6.28	-9.49	-9.47
Q92G	0.69	0.33	-5.88	-8.02	-7.48
Q92H	0.57	0.88	-3.83	-7.57	-7.48
Q92I	0.49	0.68	-6.	-6.56	-6.63
Q92K	0.74	0.47	-3.27	-7.85	-7.66
Q92L	0.37	0.75	-5.26	-6.01	-6.39
Q92M	0.87	0.64	-3.73	-6.98	-6.72
Q92N	0.33	0.6	-4.04	-7.42	-7.22
Q92P	0.61	0.48	-4.96	-8.72	-8.87
Q92R	0.8	0.55	-3.25	-7.19	-7.19
Q92S	0.81	0.56	-3.99	-6.95	-7.02
Q92T	0.73	0.70	-4.66	-7.25	-7.11
Q92V	0.86	0.74	-5.25	-5.27	-5.53
Q92W	0.66	0.32	-5.75	-9.43	-8.9
Q92Y	0.66	0.43	-4.64	-8.03	-7.98
E93A	0.51	0.58	-4.91	-4.74	-4.88
E93C	0.59	0.31	-7.60	-7.5	-7.11
E93D	0.6	0.69	-2.62	-6.02	-5.14
E93F	1.1	0.36	-6.93	-6.73	-6.2
E93G	0.49	0.25	-5.87	-6.21	-5.81
E93H	0.75	0.78	-4.11	-5.5	-5.3
E93I	0.08	0.42	-6.9	-8.12	-7.52
E93K	0.34	0.410	-3.22	-5.12	-5.39
E93L	0.43	0.61	-6.74	-6.65	-6.46
E93M	0.61	0.42	-5.64	-5.58	-5.24
E93N	0.61	0.61	-3.95	-6.87	-5.83
E93P	0.34	0.31	-5.08	-5.47	-5.36
E93Q	0.68	0.68	-1.79	-3.93	-3.9
E93R	0.55	0.32	-3.95	-6.81	-7.08
E93S	0.63	0.52	-4.01	-5.2	-5.21
E93T	1.43	0.47	-4.98	-5.25	-5.05
E93V	0.53	0.36	-5.97	-6.66	-6.45
E93W	0.94	0.3	-6.84	-7.77	-7.12
E93Y	0.67	0.37	-5.84	-6.38	-6.21
Q94A	0.81	0.26	-5.44	-5.	-5.27
Q94C	0.65	0.28	-7.36	-6.60	-6.72
Q94D	0.21	0.4	-4.59	-5.71	-6.10
Q94E	0.37	0.43	-2.69	-6.45	-6.92
Q94F	0.58	0.19	-7.37	-5.68	-6.
Q94G	-0.04	0.12	-6.4	-6.88	-7.12
Q94H	0.49	0.51	-4.53	-4.44	-4.5
Q94I	0.49	0.27	-7.33	-5.89	-6.29
Q94K	0.4	0.3	-3.37	-6.55	-6.67
Q94L	0.83	0.56	-6.41	-2.9	-3.61
Q94M	0.64	0.36	-4.56	-4.2	-4.79
Q94N	0.25	0.81	-4.5	-6.16	-6.45
Q94P	0.48	0.47	-5.41	-5.29	-5.7
Q94R	0.51	0.56	-3.38	-4.5	-4.83
Q94S	0.8	0.28	-4.52	-4.83	-5.37
Q94T	0.5	0.2	-5.44	-5.39	-5.82
Q94V	0.82	0.49	-6.44	-5.61	-5.76
Q94W	0.62	0.05	-6.49	-7.19	-6.76
Q94Y	0.72	0.05	-5.53	-7.11	-7.
T95A	0.74	0.75	-3.09	-6.12	-5.83
T95C	0.58	0.6	-3.98	-6.14	-5.75
T95E	0.07	0.58	-3.87	-5.69	-5.81
T95F	0.19	0.42	-4.51	-5.58	-5.31
T95G	0.54	0.54	-4.98	-4.84	-4.63
T95H	0.23	0.48	-4.77	-5.39	-5.42
T95I	0.8	0.9	-3.22	-3.65	-3.45
T95L	0.84	0.84	-3.23	-2.68	-2.68
T95M	0.81	0.95	-3.27	-3.05	-3.12
T95N	0.31	0.84	-3.43	-4.08	-3.81
T95P	0.17	0.38	-4.11	-4.57	-4.42
T95Q	-0.37	0.83	-3.68	-4.17	-4.38
T95R	0.87	0.43	-3.88	-5.89	-6.15
T95S	0.64	0.74	-2.6	-3.33	-3.39
T95V	1.03	0.89	-2.62	-2.02	-2.12
T95W	0.87	0.26	-4.99	-7.22	-6.77
T95Y	-0.61	0.47	-4.53	-5.34	-5.02
G96C	0.05	0.25	-7.87	-7.37	-7.02
G96D	0.02	0.26	-5.99	-6.51	-6.51
G96E	-0.03	0.56	-6.82	-3.76	-4.05
G96K	-0.08	0.17	-6.66	-6.43	-6.78
G96L	0.14	0.17	-8.68	-7.18	-7.18
G96P	0.58	0.12	-6.68	-6.16	-6.34
G96R	0.02	0.31	-6.72	-4.85	-5.09
G96S	0.38	0.55	-5.14	-4.45	-5.09
G96T	0.03	0.24	-6.91	-6.65	-6.87
G96W	-0.32	0.04	-6.85	-9.02	-7.59
G97A	0.12	0.61	-4.92	-1.87	-2.77
G97C	0.07	0.18	-6.97	-5.99	-6.79
G97D	0.06	0.56	-5.76	-3.9	-4.47
G97E	-0.09	0.08	-6.58	-4.25	-5.00
G97F	0.4	0.14	-7.3	-6.56	-7.04
G97I	-0.29	0.24	-8.05	-5.2	-6.08
G97K	0.14	0.11	-6.54	-4.96	-6.06
G97L	0.42	0.45	-8.07	-5.54	-5.98
G97M	-0.23	0.07	-7.36	-5.53	-6.23
G97N	-0.22	0.31	-4.86	-4.72	-5.88
G97P	-0.19	0.12	-6.59	-6.28	-6.62
G97Q	-0.23	0.15	-6.57	-4.61	-5.61
G97R	0.11	0.24	-6.47	-4.71	-5.67
G97S	0.03	0.66	-4.79	-3.57	-3.88
G97T	0.23	0.33	-6.26	-4.76	-5.65
G97V	0.13	0.54	-7.35	-3.32	-4.39
G97W	-0.24	0.04	-6.39	-6.73	-6.67
G97Y	0.08	0.14	-7.24	-5.71	-6.19
