         Exp    Gemme   PROVEAN   EVC    pyFitness
M1R	-0.11	0.8	-4.43	-10.56	-8.53
M1T	-0.29	0.85	-4.28	-10.56	-8.53
S2A	0.38	0.99	-2.06	-2.35	-2.16
S2C	-0.27	0.9	-3.9	-8.05	-7.04
S2F	1.13	0.93	-4.59	-7.48	-6.84
S2K	0.02	0.97	-2.99	-6.18	-5.91
S2L	0.02	0.96	-4.4	-7.13	-6.58
S2M	-0.21	0.98	-3.34	-6.49	-6.28
S2N	1.12	0.98	-2.16	-3.88	-3.6
S2P	0.56	0.95	-3.89	-6.37	-6.01
S2R	-0.16	0.97	-3.71	-4.88	-4.99
S2T	0.70	0.98	-2.24	-3.18	-3.12
S2V	1.21	0.98	-4.37	-5.98	-5.78
S2Y	-0.17	0.85	-4.62	-7.56	-6.8
G3A	0.94	0.99	-3.34	-4.33	-3.82
G3E	0.76	0.99	-5.07	-5.33	-4.87
G3L	0.64	0.92	-6.5	-8.32	-7.29
G3M	1.49	0.97	-5.83	-7.73	-6.74
G3Q	0.07	0.95	-4.97	-4.8	-4.44
G3R	0.23	0.96	-5.17	-6.04	-5.56
G3T	0.4	0.99	-4.8	-4.23	-3.81
G3V	0.58	0.97	-5.91	-7.72	-6.93
G3W	0.81	0.75	-5.71	-9.29	-7.32
I4F	0.37	0.91	-3.41	-5.5	-5.09
I4G	0.28	0.9	-6.7	-6.81	-6.23
I4K	0.2	0.94	-5.9	-5.87	-5.61
I4L	0.410	0.98	-1.26	-3.46	-3.
I4M	0.92	0.97	-2.12	-4.88	-4.72
I4N	0.22	0.96	-6.03	-6.16	-6.14
I4S	0.01	0.96	-5.04	-4.68	-4.96
I4T	0.350	0.97	-4.22	-4.47	-4.5
I4V	0.38	0.98	-0.83	-3.83	-3.74
A5D	-0.21	0.51	-4.74	-8.63	-7.41
A5G	1.05	0.49	-3.46	-7.10	-6.5
A5H	3.32	0.55	-4.92	-7.85	-6.73
A5P	0.37	0.57	-4.2	-7.94	-7.18
A5S	0.9	0.73	-2.2	-3.83	-3.31
A5T	0.45	0.78	-2.99	-3.53	-3.32
A5V	0.97	0.6	-3.13	-5.25	-4.75
L6F	0.62	0.86	-1.69	-6.45	-5.55
L6H	0.44	0.89	-2.2	-6.99	-6.15
L6I	0.53	0.97	-0.28	-3.37	-2.87
L6P	0.32	0.84	-2.52	-7.49	-6.45
L6Q	0.67	0.95	-1.	-3.72	-3.34
L6R	0.15	0.93	-0.78	-2.27	-1.92
L6S	0.32	0.95	-1.57	-3.72	-3.28
L6V	0.66	0.96	-0.350	-4.27	-3.92
S7A	-0.25	0.9	-0.56	-1.89	-1.52
S7C	0.59	0.83	-2.48	-5.18	-4.97
S7D	0.18	0.83	-1.97	-4.31	-3.91
S7G	0.37	0.81	-0.9	-1.63	-1.23
S7H	0.21	0.8	-2.2	-5.03	-4.60
S7I	0.3	0.86	-3.31	-4.84	-4.29
S7K	0.15	0.91	-1.33	-1.66	-2.11
S7N	1.22	0.91	-0.81	-2.7	-2.07
S7R	0.43	0.9	-1.54	-2.84	-2.83
S7T	0.66	0.92	-1.03	-0.73	-0.78
S7W	0.39	0.64	-3.88	-6.86	-5.98
S7Y	0.31	0.72	-3.22	-4.91	-4.73
R8G	-0.07	0.14	-6.51	-9.13	-8.38
R8W	0.	0.16	-7.44	-8.07	-7.62
L9A	0.33	0.26	-4.68	-9.53	-8.26
L9H	-0.09	0.19	-6.60	-10.52	-9.45
L9I	0.18	0.63	-1.79	-5.05	-4.57
L9K	0.37	0.2	-5.53	-10.02	-9.02
L9P	-0.08	0.13	-6.60	-10.84	-9.35
L9V	-0.13	0.470	-2.67	-5.56	-5.05
L9W	0.11	0.19	-5.7	-10.3	-9.32
A10C	-0.28	0.88	-1.94	-4.59	-4.33
A10E	-0.13	0.93	-2.33	-4.99	-4.57
A10G	0.39	0.8	-2.37	-3.98	-3.64
A10I	0.19	0.95	-2.41	-3.30	-2.96
A10N	1.07	0.94	-2.61	-3.36	-3.13
A10P	0.04	0.73	-2.86	-6.07	-5.33
A10R	-0.04	0.92	-2.5	-2.33	-2.23
A10S	0.62	0.9	-0.71	-0.96	-0.93
A10T	0.69	0.95	-1.34	-2.30	-2.24
A10V	0.70	0.93	-1.94	-4.53	-3.74
Q11A	1.24	0.61	-3.09	-2.28	-2.18
Q11C	1.14	0.3	-5.52	-7.36	-6.56
Q11D	0.83	0.58	-0.6	-4.61	-4.54
Q11E	0.66	0.8	1.75	-0.6	-0.34
Q11F	0.34	0.45	-4.95	-5.04	-4.9
Q11G	0.43	0.58	-4.12	-4.46	-4.29
Q11H	0.81	0.64	-2.34	-5.12	-4.8
Q11I	1.03	0.59	-4.68	-5.11	-4.92
Q11K	0.71	0.78	-1.46	-3.37	-3.68
Q11L	0.89	0.56	-4.67	-4.19	-4.11
Q11M	0.97	0.58	-3.65	-5.02	-4.58
Q11N	0.54	0.75	-2.23	-5.56	-4.87
Q11P	0.70	0.350	-3.2	-7.79	-6.84
Q11R	0.97	0.86	-2.25	-3.62	-3.79
Q11S	0.72	0.64	-2.15	-5.22	-4.57
Q11T	1.09	0.59	-3.04	-4.56	-4.28
Q11V	0.89	0.54	-3.73	-5.5	-5.18
Q11W	0.72	0.38	-4.95	-6.34	-5.94
Q11Y	0.95	0.44	-3.94	-4.94	-4.78
E12A	-0.15	0.22	-5.59	-8.76	-7.48
E12C	-0.2	0.05	-8.22	-10.87	-9.22
E12F	-0.1	0.14	-7.46	-12.65	-9.51
E12G	-0.02	0.16	-6.57	-8.23	-7.5
E12H	0.15	0.3	-4.57	-10.61	-9.19
E12I	-0.08	0.16	-7.44	-10.27	-8.95
E12K	-0.02	0.13	-3.77	-9.84	-8.7
E12L	0.09	0.21	-7.44	-9.4	-8.29
E12M	0.17	0.05	-6.52	-11.03	-9.2
E12N	0.25	0.44	-4.68	-8.2	-7.2
E12P	-0.03	0.11	-5.62	-11.21	-9.41
E12Q	0.45	0.470	-2.82	-7.88	-6.42
E12R	-0.01	0.2	-4.7	-9.29	-8.25
E12S	0.06	0.23	-4.64	-9.04	-8.06
E12T	-0.08	0.16	-5.42	-9.63	-8.66
E12V	0.04	0.25	-6.5	-9.7	-8.56
E12W	0.12	0.04	-7.47	-12.94	-9.58
E12Y	-0.07	0.12	-6.55	-9.72	-8.41
R13A	-0.01	0.53	-5.58	-9.11	-8.29
R13C	-0.08	0.470	-7.26	-9.45	-8.64
R13D	0.	0.25	-6.33	-11.57	-10.09
R13E	0.03	0.52	-4.60	-8.78	-8.03
R13F	-0.16	0.76	-7.36	-8.25	-7.68
R13G	-0.1	0.36	-6.5	-11.02	-10.02
R13H	0.08	0.71	-4.60	-6.79	-6.33
R13I	0.	0.76	-7.3	-8.1	-7.68
R13K	0.09	0.59	-2.64	-9.13	-8.47
R13L	0.12	0.92	-6.32	-6.48	-6.54
R13M	-0.12	0.73	-5.47	-8.15	-7.64
R13N	-0.07	0.51	-4.64	-10.28	-9.72
R13P	-0.1	0.32	-6.5	-11.21	-10.03
R13Q	0.350	0.63	-3.69	-7.47	-7.01
R13T	-0.15	0.48	-5.48	-10.26	-9.37
R13V	-0.15	0.70	-7.34	-8.25	-7.64
R13Y	-0.03	0.74	-6.49	-6.43	-6.13
K14A	-0.07	0.65	-5.52	-5.91	-5.44
K14D	0.03	0.67	-5.25	-6.71	-6.11
K14E	-0.02	0.70	-3.55	-6.33	-5.75
K14G	-0.08	0.58	-6.24	-8.48	-7.53
K14H	0.12	0.62	-5.49	-8.76	-7.9
K14I	0.48	0.6	-7.23	-7.13	-6.47
K14L	0.51	0.62	-6.39	-6.66	-5.93
K14M	0.12	0.59	-5.45	-7.69	-6.95
K14N	0.34	0.67	-4.51	-6.83	-6.09
K14P	-0.18	0.4	-5.49	-9.26	-8.11
K14Q	0.04	0.75	-3.62	-5.93	-5.58
K14R	1.43	0.84	-2.78	-5.24	-4.7
K14S	0.08	0.71	-4.54	-5.84	-5.29
K14T	0.27	0.66	-5.49	-6.93	-6.35
K14V	0.54	0.57	-6.29	-6.88	-6.04
K14Y	0.16	0.470	-6.47	-8.63	-7.69
A15C	0.87	0.76	-2.23	-6.78	-6.51
A15D	1.33	0.94	-3.09	-4.45	-4.39
A15E	0.83	0.92	-2.24	-4.17	-4.23
A15F	0.8	0.75	-3.65	-7.89	-7.22
A15G	0.6	0.74	-2.53	-5.06	-4.87
A15I	0.61	0.88	-2.96	-5.86	-5.62
A15K	1.2	0.91	-2.33	-4.81	-4.56
A15L	0.78	0.89	-2.57	-4.92	-4.38
A15M	0.24	0.82	-2.28	-6.39	-5.8
A15N	0.44	0.96	-2.71	-4.95	-4.36
A15P	-0.09	0.64	-2.79	-8.6	-7.53
A15Q	1.12	0.97	-1.55	-3.98	-3.56
A15R	0.67	0.9	-2.37	-4.68	-4.54
A15S	0.87	0.91	-1.16	-4.03	-3.65
A15T	0.88	0.87	-2.01	-4.51	-4.46
A15V	0.67	0.82	-2.34	-6.33	-5.76
A15W	-0.18	0.54	-4.25	-8.87	-7.81
A15Y	1.76	0.71	-3.27	-7.49	-6.86
W16A	0.14	0.4	-11.71	-10.2	-9.23
W16C	0.24	0.39	-10.63	-7.66	-7.33
W16D	-0.1	0.3	-12.57	-13.67	-10.4
W16E	-0.01	0.37	-11.74	-10.52	-9.7
W16F	0.52	0.72	-8.1	-5.41	-5.07
W16G	-0.05	0.22	-10.94	-9.37	-8.94
W16H	0.04	0.34	-10.8	-9.22	-8.45
W16I	0.02	0.8	-11.57	-7.	-6.74
W16K	0.1	0.27	-11.71	-10.48	-9.64
W16L	0.14	0.87	-10.66	-7.04	-7.03
W16M	-0.01	0.69	-9.86	-6.94	-6.46
W16N	-0.08	0.32	-12.38	-10.25	-9.21
W16P	-0.13	0.13	-12.65	-11.4	-10.09
W16Q	0.07	0.350	-10.87	-10.44	-9.58
W16R	-0.06	0.28	-11.71	-9.43	-8.97
W16S	0.12	0.56	-11.64	-10.03	-9.25
W16T	0.06	0.4	-10.8	-9.67	-9.09
W16V	-0.03	0.69	-11.6	-8.21	-7.44
W16Y	0.18	0.53	-7.36	-8.25	-7.74
R17A	-0.17	0.57	-5.35	-6.85	-6.61
R17C	-0.15	0.52	-7.26	-9.15	-8.27
R17D	-0.15	0.57	-6.28	-7.9	-7.49
R17E	0.03	0.67	-4.52	-6.21	-5.76
R17F	-0.09	0.4	-7.26	-9.11	-8.25
R17G	-0.04	0.38	-6.06	-7.53	-7.15
R17H	-0.09	0.62	-4.52	-9.25	-8.13
R17I	-0.11	0.56	-7.26	-7.82	-6.95
R17K	0.54	0.77	-2.71	-3.52	-3.43
R17L	-0.08	0.68	-6.38	-6.62	-6.12
R17M	-0.01	0.55	-5.45	-9.78	-8.91
R17N	-0.06	0.66	-4.45	-7.57	-6.99
R17P	0.05	0.33	-6.33	-8.38	-7.88
R17Q	-0.01	0.75	-3.61	-5.03	-4.97
R17S	0.29	0.63	-5.32	-5.10	-5.01
R17T	-0.12	0.6	-5.39	-7.26	-6.60
R17V	-0.15	0.59	-7.23	-8.28	-7.34
R17W	0.04	0.42	-7.23	-8.62	-7.93
R17Y	-0.18	0.4	-6.36	-7.41	-7.27
K18A	0.12	0.71	-4.87	-6.69	-6.06
K18C	0.470	0.46	-6.66	-8.38	-7.33
K18D	0.03	0.65	-5.03	-6.97	-6.11
K18E	0.12	0.68	-3.33	-4.39	-3.97
K18F	0.17	0.46	-6.68	-8.46	-7.62
K18G	0.29	0.45	-5.84	-9.72	-8.13
K18H	0.44	0.67	-4.83	-6.59	-5.94
K18I	0.09	0.55	-6.64	-6.64	-6.17
K18L	0.05	0.55	-5.74	-5.07	-4.53
K18M	0.3	0.58	-4.74	-6.71	-6.32
K18N	0.02	0.71	-4.03	-5.67	-5.14
K18P	-0.16	0.55	-5.11	-6.8	-6.64
K18Q	0.5	0.82	-3.13	-3.87	-3.6
K18R	1.03	0.82	-1.91	-2.57	-2.42
K18S	0.52	0.73	-4.03	-5.71	-5.2
K18T	0.32	0.65	-4.87	-5.81	-5.25
K18V	0.82	0.61	-5.88	-5.53	-4.98
K18W	-0.03	0.27	-6.75	-10.57	-8.59
K18Y	0.03	0.44	-5.84	-8.59	-7.85
D19A	0.76	0.69	-6.60	-5.49	-4.91
D19C	0.01	0.65	-7.64	-8.02	-7.02
D19E	1.03	0.78	-3.30	-4.78	-4.21
D19F	0.86	0.61	-7.59	-8.53	-7.65
D19G	0.39	0.62	-5.55	-6.59	-5.7
D19H	0.25	0.75	-5.4	-6.	-5.34
D19I	0.02	0.6	-7.56	-7.94	-7.11
D19K	0.19	0.70	-5.74	-6.35	-5.55
D19N	0.27	0.88	-3.56	-4.60	-3.93
D19Q	-0.14	0.76	-4.91	-6.57	-5.9
D19S	0.06	0.78	-4.8	-3.46	-3.01
D19V	0.3	0.58	-7.49	-8.85	-7.73
D19W	0.2	0.350	-8.54	-10.56	-8.88
H20A	-0.410	0.59	-8.24	-7.68	-6.9
H20D	0.1	0.57	-7.2	-7.89	-7.44
H20E	-0.06	0.58	-6.41	-7.85	-7.29
H20F	-0.07	0.350	-7.59	-8.56	-8.1
H20G	-0.11	0.55	-8.37	-8.77	-8.03
H20K	0.06	0.58	-7.2	-4.34	-4.3
H20L	0.01	0.52	-9.06	-7.76	-7.17
H20M	-0.16	0.4	-8.2	-8.79	-8.2
H20P	-0.16	0.72	-7.7	-5.8	-6.02
H20Q	-0.21	0.57	-6.47	-6.83	-6.7
H20R	0.39	0.64	-6.59	-4.85	-4.44
H20S	-0.12	0.5	-7.35	-8.08	-7.54
H20T	-0.01	0.45	-8.25	-7.57	-6.98
H20V	-0.3	0.470	-9.09	-8.56	-7.96
H20Y	0.01	0.34	-4.97	-8.98	-8.12
P21A	-0.16	0.55	-7.05	-4.45	-4.44
P21C	-0.01	0.49	-9.05	-5.47	-5.5
P21D	0.06	0.49	-7.36	-4.99	-4.55
P21E	-0.06	0.58	-7.29	-5.21	-4.92
P21F	-0.23	0.36	-10.03	-6.19	-5.83
P21G	0.04	0.38	-8.2	-6.59	-5.85
P21H	0.14	0.48	-8.17	-5.96	-5.82
P21K	0.21	0.45	-7.29	-4.3	-4.25
P21L	0.11	0.63	-9.01	-3.33	-3.15
P21N	0.28	0.52	-8.2	-6.68	-5.97
P21R	-0.12	0.38	-8.24	-6.81	-6.17
P21S	0.3	0.46	-7.22	-3.81	-3.82
P21Y	0.	0.39	-9.12	-5.86	-5.7
F22A	0.13	0.96	-6.76	-5.18	-4.67
F22C	-0.16	0.9	-6.89	-8.52	-7.17
F22D	0.24	0.93	-7.76	-7.02	-6.43
F22E	-0.11	0.94	-7.55	-6.5	-5.9
F22H	0.42	0.98	-4.94	-4.51	-3.83
F22K	-0.11	0.91	-7.61	-6.33	-5.76
F22L	0.13	0.92	-5.21	-6.13	-5.59
F22M	-0.09	0.89	-5.2	-8.27	-7.36
F22N	0.07	0.93	-7.48	-9.61	-8.1
F22P	0.02	0.96	-8.58	-5.46	-4.97
F22Q	0.03	0.97	-7.4	-6.02	-5.42
F22R	-0.25	0.91	-7.55	-8.78	-7.60
F22S	0.06	0.91	-6.84	-5.85	-5.13
F22T	-0.12	0.92	-6.89	-7.16	-6.11
F22V	0.03	0.94	-5.96	-5.65	-4.98
F22W	0.02	0.88	-4.04	-7.86	-6.87
F22Y	0.58	0.94	-1.52	-3.74	-3.24
G23A	0.26	0.39	-5.87	-5.87	-5.11
G23D	-0.09	0.54	-6.87	-5.86	-4.94
G23E	0.51	0.42	-7.84	-6.52	-5.28
G23H	0.22	0.53	-7.85	-6.43	-5.46
G23I	0.	0.32	-9.77	-7.75	-6.78
G23K	0.45	0.33	-7.84	-6.63	-5.82
G23L	0.22	0.410	-9.77	-6.92	-5.69
G23M	-0.03	0.36	-8.82	-7.09	-5.92
G23N	0.70	0.53	-5.89	-4.87	-4.01
G23P	-0.01	0.27	-7.84	-9.45	-7.75
G23R	0.06	0.29	-7.84	-5.85	-5.05
G23S	0.67	0.4	-5.88	-7.03	-6.15
G23T	-0.16	0.4	-7.84	-5.63	-4.91
G23V	0.03	0.3	-8.82	-8.74	-7.4
G23W	0.32	0.28	-7.85	-7.37	-6.48
G23Y	0.53	0.32	-8.83	-7.11	-6.2
F24A	-0.16	0.43	-7.53	-8.89	-7.48
F24C	0.4	0.51	-7.60	-8.17	-7.5
F24G	0.29	0.3	-8.52	-10.91	-9.03
F24I	0.19	0.65	-5.7	-6.41	-5.79
F24K	-0.08	0.28	-8.41	-10.25	-8.43
F24L	0.11	0.58	-5.66	-6.9	-6.45
F24M	0.6	0.61	-5.60	-7.87	-6.95
F24N	0.13	0.350	-8.45	-10.23	-8.25
F24Q	-0.02	0.4	-8.28	-10.22	-8.58
F24R	-0.05	0.32	-8.41	-10.09	-8.39
F24S	-0.04	0.44	-7.5	-9.81	-7.87
F24T	0.06	0.410	-7.53	-9.77	-8.18
F24V	0.16	0.62	-6.61	-6.37	-5.41
F24Y	0.76	0.52	-2.78	-6.31	-5.88
V25A	0.52	0.83	-2.39	-4.78	-4.36
V25D	0.59	0.72	-4.34	-5.42	-5.16
V25E	-0.02	0.84	-3.5	-3.91	-3.91
V25F	0.64	0.87	-1.14	-3.23	-2.75
V25G	0.18	0.6	-4.28	-6.60	-5.69
V25H	0.53	0.74	-2.73	-4.02	-3.81
V25I	1.40	0.87	-0.42	-3.11	-2.82
V25K	0.5	0.85	-3.53	-4.45	-4.41
V25L	0.54	0.88	-1.43	-3.58	-3.42
V25M	0.62	0.8	-1.35	-3.13	-3.11
V25N	0.04	0.77	-4.01	-6.31	-5.59
V25P	0.04	0.61	-3.93	-7.22	-6.29
V25Q	0.76	0.74	-3.18	-6.77	-5.89
V25R	0.93	0.75	-4.	-4.87	-4.56
V25S	0.42	0.91	-3.32	-2.85	-3.15
V25T	0.29	0.83	-2.12	-4.34	-4.04
V25W	0.33	0.77	-1.72	-3.85	-3.21
V25Y	0.42	0.87	-0.21	-3.28	-2.80
A26C	0.34	0.51	-3.94	-4.63	-4.45
A26D	0.02	0.33	-5.9	-8.5	-7.60
A26E	-0.03	0.31	-4.92	-9.62	-8.24
A26F	0.72	0.32	-5.9	-6.74	-6.08
A26G	0.48	0.32	-3.93	-6.3	-5.69
A26I	0.3	0.46	-4.92	-8.52	-7.59
A26K	0.12	0.31	-4.92	-10.02	-8.7
A26L	0.45	0.45	-4.92	-7.14	-6.38
A26M	-0.13	0.42	-4.92	-8.75	-7.82
A26N	0.05	0.33	-5.9	-8.99	-7.76
A26P	-0.14	0.26	-4.92	-9.12	-7.75
A26Q	0.06	0.33	-4.92	-9.41	-7.93
A26R	-0.01	0.31	-4.92	-10.32	-8.71
A26S	0.62	0.48	-2.95	-6.92	-6.15
A26V	-0.03	0.52	-3.94	-7.16	-6.53
A26W	0.32	0.15	-6.89	-11.02	-9.38
V27A	0.2	0.75	0.59	-3.35	-2.93
V27D	-0.08	0.72	-0.36	-5.54	-4.88
V27G	0.4	0.8	-0.74	-3.38	-3.08
V27H	1.	0.73	0.59	-3.57	-3.13
V27I	0.77	0.69	-0.52	-5.85	-5.06
V27K	0.92	0.83	3.56	0.51	0.8
V27L	0.87	0.73	-0.06	-6.02	-5.2
V27M	1.05	0.70	0.79	-5.12	-4.62
V27N	0.45	0.73	0.88	-1.62	-1.56
V27P	0.43	0.5	-0.23	-6.43	-5.33
V27Q	-0.17	0.69	1.99	-4.16	-3.82
V27R	1.01	0.82	3.86	-0.65	-0.11
V27S	0.37	0.78	0.58	-4.21	-3.6
V27T	-0.02	0.75	0.59	-4.26	-3.46
V27Y	0.63	0.68	-0.350	-5.08	-4.56
P28A	0.63	0.38	-7.36	-5.8	-5.28
P28C	-0.11	0.31	-9.33	-7.55	-6.82
P28D	0.18	0.33	-7.41	-9.14	-7.51
P28E	-0.02	0.33	-7.41	-7.2	-6.08
P28F	0.17	0.3	-10.25	-5.22	-4.60
P28G	1.38	0.23	-8.35	-7.10	-6.29
P28H	0.34	0.3	-8.36	-7.94	-6.76
P28I	-0.12	0.410	-9.31	-7.07	-5.97
P28K	0.19	0.3	-7.41	-7.84	-6.85
P28L	0.29	0.42	-9.31	-5.93	-5.43
P28M	0.12	0.37	-8.36	-5.95	-5.2
P28N	0.19	0.31	-8.33	-8.21	-6.98
P28Q	0.06	0.32	-7.41	-6.61	-5.86
P28R	0.39	0.27	-8.36	-7.79	-6.66
P28S	0.14	0.33	-7.31	-6.54	-5.54
P28V	0.18	0.37	-8.38	-6.62	-5.61
P28W	-0.22	0.25	-10.3	-7.52	-6.67
P28Y	-0.22	0.27	-9.31	-5.33	-4.35
T29A	0.62	0.95	-1.31	-0.410	-0.59
T29C	0.92	0.95	-2.42	-3.53	-3.19
T29D	0.58	0.93	-2.96	-3.80	-3.79
T29E	0.94	0.96	-2.34	-2.12	-1.91
T29F	1.31	0.93	-3.19	-3.51	-3.61
T29G	0.84	0.86	-3.43	-3.91	-3.77
T29I	0.6	0.94	-1.94	-3.11	-2.88
T29K	1.	0.92	-2.44	-3.11	-2.91
T29L	1.21	0.98	-2.08	-3.25	-3.01
T29M	0.74	0.98	-1.74	-2.31	-2.21
T29N	1.55	0.93	-2.5	-3.88	-3.78
T29P	0.08	0.88	-2.95	-6.03	-5.31
T29R	1.12	0.95	-2.72	-3.51	-3.13
T29S	1.11	0.96	-1.36	-2.84	-2.7
T29V	0.28	0.98	-1.26	-1.87	-1.95
T29W	0.01	0.74	-3.82	-7.21	-6.24
T29Y	1.34	0.89	-3.08	-4.52	-4.2
K30A	0.53	0.84	-4.46	-3.74	-3.92
K30C	-0.01	0.81	-6.29	-7.77	-7.37
K30D	0.16	0.96	-4.62	-6.33	-6.10
K30E	0.29	0.9	-2.99	-5.57	-5.42
K30F	0.33	0.70	-6.41	-7.44	-6.83
K30G	0.470	0.79	-5.52	-5.94	-5.96
K30H	0.51	0.82	-4.62	-7.37	-6.75
K30I	0.6	0.88	-6.28	-5.53	-5.18
K30L	0.24	0.89	-5.43	-5.19	-4.92
K30M	0.51	0.84	-4.55	-6.24	-5.95
K30N	0.23	0.89	-3.52	-5.75	-5.29
K30P	0.49	0.83	-4.74	-6.76	-6.11
K30Q	0.31	0.94	-2.81	-6.88	-6.23
K30R	1.15	0.89	-2.03	-4.1	-3.88
K30S	0.67	0.86	-3.44	-5.68	-5.08
K30T	0.29	0.93	-3.94	-5.05	-4.46
K30V	0.6	0.79	-5.44	-4.35	-4.32
K30W	-0.05	0.64	-6.48	-9.38	-8.54
K30Y	0.27	0.67	-5.56	-6.29	-6.15
N31A	0.42	0.85	-4.86	-4.81	-4.31
N31C	0.71	0.76	-6.24	-7.09	-6.86
N31D	0.18	0.9	-3.56	-5.5	-5.12
N31E	0.66	0.93	-3.87	-5.63	-5.43
N31F	0.46	0.67	-6.44	-6.75	-6.38
N31G	0.25	0.82	-4.1	-5.09	-4.9
N31H	0.69	0.85	-3.58	-5.32	-5.43
N31I	0.56	0.70	-6.24	-7.22	-6.75
N31K	0.71	0.85	-3.72	-4.41	-3.86
N31L	1.03	0.82	-6.05	-4.38	-4.18
N31M	0.88	0.78	-5.27	-6.09	-5.94
N31P	0.350	0.70	-5.51	-7.37	-6.9
N31Q	0.59	0.84	-3.74	-5.92	-5.67
N31R	0.51	0.82	-3.86	-6.38	-5.97
N31S	0.63	0.86	-2.92	-4.49	-4.19
N31T	0.410	0.86	-3.79	-5.46	-4.98
N31V	0.24	0.68	-6.07	-7.42	-6.98
N31W	0.65	0.5	-7.28	-7.53	-7.04
N31Y	0.88	0.63	-5.68	-7.55	-7.04
P32A	0.87	0.98	-2.09	-3.23	-2.84
P32C	0.49	0.8	-4.54	-7.77	-7.06
P32D	1.2	0.98	-3.47	-3.59	-3.2
P32E	0.63	0.98	-2.93	-4.59	-3.89
P32F	0.17	0.85	-5.48	-7.69	-6.91
P32G	0.74	0.9	-3.76	-5.52	-4.74
P32H	0.83	0.92	-4.2	-6.85	-6.24
P32I	0.88	0.89	-4.72	-7.32	-6.42
P32K	1.21	0.94	-3.21	-5.74	-4.83
P32L	1.	0.92	-4.58	-5.25	-4.88
P32M	1.13	0.78	-3.92	-7.18	-6.47
P32N	0.9	0.93	-3.89	-5.59	-5.03
P32Q	1.1	0.94	-2.86	-4.4	-4.09
P32R	1.34	0.93	-3.78	-5.03	-4.4
P32S	1.05	0.97	-2.48	-3.73	-3.32
P32T	0.94	0.97	-2.92	-3.75	-3.44
P32V	0.65	0.95	-3.88	-6.13	-5.53
P32W	0.79	0.74	-5.78	-8.23	-7.15
P32Y	0.99	0.83	-4.88	-7.29	-6.60
D33A	-0.02	0.57	-7.11	-7.47	-6.91
D33C	0.1	0.29	-8.2	-8.58	-7.77
D33E	0.37	0.67	-3.46	-6.15	-5.89
D33F	-0.08	0.350	-8.27	-8.43	-7.69
D33G	0.	0.61	-6.34	-5.62	-5.13
D33H	-0.13	0.34	-6.23	-8.84	-8.11
D33I	0.01	0.51	-8.21	-8.04	-7.38
D33K	-0.04	0.63	-6.21	-6.41	-6.04
D33L	0.05	0.5	-9.03	-8.38	-7.56
D33N	0.32	0.79	-4.21	-5.22	-4.66
D33P	-0.08	0.45	-6.4	-8.15	-7.46
D33Q	0.02	0.75	-5.21	-6.02	-5.59
D33R	-0.1	0.54	-7.08	-8.03	-7.23
D33S	-0.04	0.5	-5.25	-6.77	-6.17
D33T	0.08	0.49	-5.95	-6.79	-6.2
D33V	-0.05	0.53	-8.11	-8.01	-7.37
D33W	0.34	0.24	-9.15	-9.51	-8.64
G34A	0.3	0.58	-5.38	-8.21	-7.41
G34C	0.36	0.34	-8.22	-8.88	-8.13
G34D	0.56	0.75	-6.29	-6.53	-6.27
G34E	0.53	0.62	-7.18	-7.9	-7.10
G34F	0.04	0.34	-8.31	-9.61	-8.57
G34H	1.2	0.58	-7.24	-8.01	-7.34
G34I	0.18	0.48	-9.18	-8.46	-7.73
G34K	0.29	0.56	-7.2	-7.69	-6.67
G34L	0.26	0.46	-9.18	-8.1	-7.37
G34M	0.470	0.48	-8.21	-8.92	-8.13
G34N	0.32	0.65	-5.19	-6.73	-5.93
G34Q	0.97	0.56	-7.2	-8.15	-7.54
G34R	0.54	0.6	-7.27	-6.65	-6.44
G34S	0.23	0.65	-5.11	-4.64	-4.46
G34T	0.06	0.53	-7.01	-7.91	-7.15
G34V	0.12	0.54	-8.26	-8.19	-7.56
G34W	0.33	0.22	-7.5	-10.07	-9.02
G34Y	0.08	0.22	-8.28	-8.08	-7.65
T35A	0.38	0.87	-2.54	-4.28	-4.28
T35C	-0.07	0.65	-4.04	-8.93	-7.81
T35D	-0.04	0.93	-3.61	-7.08	-6.73
T35E	-0.24	0.93	-3.6	-5.38	-5.25
T35F	-0.22	0.75	-4.9	-8.01	-7.23
T35G	0.32	0.79	-3.71	-5.5	-4.95
T35H	0.24	0.66	-4.56	-8.45	-7.72
T35I	-0.07	0.83	-4.28	-7.32	-6.76
T35K	-0.24	0.89	-3.63	-5.3	-5.3
T35L	-0.03	0.77	-4.32	-7.63	-6.86
T35M	0.08	0.76	-3.9	-7.25	-6.83
T35N	-0.01	0.9	-2.66	-7.05	-6.52
T35P	0.09	0.8	-3.98	-8.01	-7.13
T35Q	0.03	0.89	-3.6	-5.8	-5.45
T35R	-0.05	0.84	-3.99	-8.06	-7.46
T35S	1.16	0.94	-1.12	-2.86	-2.54
T35V	0.	0.87	-3.62	-6.86	-6.03
T35W	-0.01	0.56	-5.23	-9.5	-8.28
T35Y	0.01	0.56	-4.89	-8.33	-7.83
M36A	0.01	0.93	-2.96	-4.23	-3.9
M36E	0.14	0.98	-4.62	-5.47	-4.99
M36F	0.18	0.82	-2.52	-4.77	-4.2
M36G	0.05	0.87	-5.58	-5.84	-5.16
M36I	0.43	0.96	-0.75	-3.76	-3.54
M36K	0.350	0.88	-3.82	-5.39	-4.62
M36L	1.05	0.96	0.4	-1.96	-1.24
M36N	-0.25	0.95	-4.59	-7.06	-5.88
M36P	-0.04	0.87	-4.68	-5.93	-5.13
M36Q	0.03	0.98	-3.58	-4.25	-3.56
M36R	0.63	0.93	-3.84	-4.75	-4.23
M36S	0.1	0.91	-3.54	-4.97	-4.53
M36T	-0.09	0.94	-2.68	-4.92	-4.13
M36V	0.27	0.95	-1.22	-5.36	-4.42
M36W	-0.3	0.84	-4.12	-8.64	-7.42
N37A	1.21	0.34	-6.82	-6.21	-5.52
N37C	1.26	0.410	-7.82	-6.60	-5.83
N37D	1.01	0.71	-2.68	-1.91	-1.63
N37E	1.05	0.65	-4.37	-5.7	-5.14
N37F	0.96	0.11	-7.82	-6.51	-6.
N37G	0.82	0.27	-5.06	-8.19	-7.19
N37H	0.82	0.51	-4.29	-6.51	-5.91
N37I	0.54	0.29	-7.82	-6.31	-5.5
N37K	0.97	0.3	-5.06	-7.65	-6.48
N37L	0.56	0.29	-8.05	-6.9	-6.24
N37M	0.71	0.29	-7.05	-6.44	-5.94
N37P	0.01	0.23	-6.59	-7.73	-6.84
N37Q	1.02	0.46	-4.83	-6.73	-5.69
N37R	0.98	0.29	-5.29	-6.84	-6.15
N37S	1.04	0.37	-4.06	-5.04	-4.28
N37T	0.78	0.37	-5.06	-6.33	-5.65
N37V	0.92	0.38	-7.82	-5.58	-4.92
N37W	0.55	0.11	-8.82	-9.18	-8.
N37Y	1.04	0.27	-7.05	-7.2	-6.36
L38C	0.24	0.350	-4.54	-7.83	-6.91
L38D	-0.2	0.37	-7.28	-7.88	-7.35
L38F	0.64	0.53	-3.58	-6.63	-5.84
L38G	-0.02	0.28	-7.37	-8.25	-7.5
L38H	-0.06	0.34	-6.41	-9.57	-8.22
L38I	0.49	0.74	-1.57	-3.76	-3.57
L38K	-0.29	0.31	-5.45	-9.32	-8.24
L38M	0.24	0.78	-1.24	-3.61	-3.27
L38N	-0.15	0.34	-6.41	-8.97	-7.69
L38P	0.31	0.4	-6.37	-7.82	-6.85
L38Q	-0.24	0.350	-5.32	-9.19	-8.09
L38R	-0.21	0.29	-5.49	-8.4	-7.33
L38S	-0.08	0.39	-5.41	-9.21	-7.98
L38V	0.58	0.61	-2.36	-5.96	-5.45
M39E	1.07	0.68	-5.81	-8.04	-7.31
M39G	0.46	0.56	-6.83	-7.46	-6.89
M39I	0.27	0.72	-3.13	-7.74	-7.31
M39K	0.26	0.79	-4.73	-3.81	-3.41
M39L	0.65	0.89	-2.16	-2.77	-2.74
M39P	0.19	0.470	-6.05	-8.68	-7.84
M39Q	-0.27	0.66	-4.23	-4.92	-4.62
M39R	0.39	0.70	-4.92	-4.67	-4.72
M39S	-0.24	0.75	-4.94	-6.2	-5.7
M39T	0.57	0.83	-4.93	-5.97	-5.74
M39V	0.89	0.71	-3.24	-8.12	-7.38
M39W	0.46	0.71	-4.83	-6.85	-6.72
N40A	1.57	0.81	-2.58	-5.02	-4.31
N40D	1.12	0.85	-2.23	-5.14	-4.45
N40E	1.36	0.88	-2.09	-3.21	-2.93
N40G	0.02	0.65	-3.09	-6.28	-5.77
N40H	1.03	0.93	-2.31	-5.07	-4.3
N40K	0.74	0.9	-1.96	-5.16	-4.21
N40M	0.77	0.77	-2.24	-5.8	-5.04
N40R	0.52	0.89	-2.17	-2.98	-2.46
N40S	1.01	0.86	-1.40	-3.96	-3.35
N40T	0.54	0.88	-1.2	-3.6	-2.92
N40Y	0.52	0.74	-3.19	-6.8	-5.9
W41D	-0.17	0.08	-14.93	-10.98	-9.14
W41E	0.410	0.02	-13.94	-10.77	-9.25
W41F	0.17	0.39	-9.96	-8.37	-7.08
W41G	-0.08	0.1	-12.93	-10.74	-8.91
W41I	0.04	0.26	-13.94	-7.41	-6.15
W41K	0.17	0.1	-13.94	-10.86	-9.29
W41L	0.02	0.27	-12.94	-6.91	-6.05
W41N	0.32	0.02	-14.93	-10.21	-8.98
W41R	-0.13	0.13	-13.93	-9.23	-8.36
W41T	-0.1	0.03	-12.94	-9.5	-8.53
W41V	0.11	0.25	-13.94	-8.45	-7.44
W41Y	-0.18	0.31	-8.96	-8.44	-7.47
E42A	1.	0.84	-4.96	-6.02	-5.79
E42D	0.8	0.94	-1.89	-2.74	-2.54
E42G	0.70	0.77	-5.56	-8.09	-7.27
E42H	0.28	0.92	-3.75	-5.76	-5.38
E42K	0.82	0.9	-2.88	-4.12	-3.86
E42N	0.11	0.92	-3.28	-3.86	-3.81
E42P	0.01	0.48	-4.88	-9.27	-8.32
E42Q	0.54	0.89	-2.07	-3.43	-3.4
E42R	0.63	0.86	-3.81	-5.78	-5.61
E42S	0.71	0.89	-3.74	-6.	-5.38
E42T	0.82	0.9	-4.68	-6.26	-5.65
E42V	0.91	0.84	-5.95	-4.95	-4.65
E42W	0.44	0.68	-6.86	-9.46	-8.
E42Y	0.82	0.74	-5.75	-7.51	-6.98
C43F	0.23	0.350	-8.67	-7.10	-6.81
C43G	0.75	0.43	-9.81	-6.63	-6.52
C43H	-0.27	0.11	-9.79	-11.2	-9.81
C43K	-0.06	0.12	-9.63	-9.55	-9.01
C43L	0.05	0.410	-7.55	-8.48	-7.61
C43N	0.71	0.13	-9.78	-10.22	-9.53
C43Q	-0.02	0.23	-9.62	-10.05	-9.18
C43R	-0.11	0.24	-9.8	-10.1	-9.73
C43S	0.63	0.48	-7.98	-7.49	-7.35
C43T	1.55	0.42	-7.58	-6.75	-6.35
C43W	0.23	0.13	-9.01	-10.57	-9.59
C43Y	0.11	0.26	-8.63	-9.93	-9.2
A44C	-0.05	0.78	-2.96	-6.44	-5.83
A44D	0.31	0.67	-3.04	-8.65	-7.83
A44E	0.92	0.69	-2.92	-5.46	-5.08
A44G	1.13	0.77	0.27	-3.23	-2.76
A44I	0.71	0.8	-3.7	-5.06	-4.77
A44K	1.73	0.76	-2.94	-4.7	-4.23
A44L	0.68	0.87	-3.71	-5.92	-5.77
A44M	1.03	0.88	-3.29	-6.42	-5.93
A44N	0.44	0.69	-2.44	-7.44	-6.58
A44P	0.23	0.470	-3.05	-8.51	-7.68
A44R	-0.1	0.8	-2.96	-6.32	-5.64
A44S	0.42	0.84	-1.03	-4.07	-3.84
A44T	0.46	0.87	-1.93	-2.75	-3.1
A44V	0.45	0.88	-2.82	-4.82	-4.60
A44W	0.470	0.67	-3.80	-5.7	-5.57
A44Y	2.35	0.73	-3.37	-3.95	-3.9
I45A	-0.14	0.22	-4.86	-7.	-6.38
I45C	1.18	0.21	-4.92	-7.25	-6.73
I45D	0.01	0.17	-6.91	-11.32	-8.38
I45E	-0.03	0.17	-6.85	-9.45	-8.26
I45F	0.32	0.350	-3.98	-5.58	-4.85
I45G	0.04	0.04	-7.84	-8.26	-7.31
I45H	-0.33	0.19	-6.9	-7.93	-7.35
I45K	-0.11	0.07	-6.84	-9.08	-7.99
I45L	0.2	0.64	-1.98	-4.2	-3.54
I45M	0.91	0.44	-2.92	-6.27	-5.67
I45N	0.06	0.18	-6.91	-7.66	-7.36
I45P	0.34	0.1	-6.85	-9.03	-7.98
I45Q	-0.25	0.08	-6.84	-9.42	-8.11
I45R	0.19	0.06	-6.9	-8.52	-7.62
I45S	0.18	0.21	-5.91	-8.83	-7.83
I45T	0.65	0.23	-4.86	-7.02	-6.44
I45V	1.19	0.69	-0.88	-3.06	-2.34
P46A	0.53	0.52	-7.64	-9.87	-9.14
P46C	0.57	0.470	-9.57	-9.81	-9.13
P46D	0.14	0.51	-7.74	-10.92	-10.52
P46E	0.25	0.53	-7.71	-8.03	-7.79
P46F	0.13	0.48	-10.5	-8.68	-8.42
P46G	0.350	0.26	-8.7	-11.59	-10.86
P46H	0.32	0.51	-8.67	-10.17	-10.01
P46I	0.49	0.59	-9.47	-9.1	-8.99
P46K	0.26	0.45	-7.67	-10.54	-9.7
P46L	0.36	0.61	-9.4	-10.07	-9.81
P46M	0.12	0.55	-8.5	-9.04	-8.73
P46N	0.28	0.5	-8.67	-8.75	-8.43
P46Q	0.06	0.54	-7.67	-8.87	-8.46
P46R	0.29	0.62	-8.64	-9.89	-9.15
P46S	0.32	0.58	-7.67	-7.10	-7.09
P46T	0.23	0.52	-7.64	-8.15	-8.04
P46V	0.51	0.56	-8.54	-9.86	-9.31
P46Y	0.3	0.49	-9.56	-11.24	-10.23
G47D	-0.03	0.14	-6.98	-9.49	-8.35
G47E	-0.05	0.12	-7.97	-10.3	-8.96
G47K	0.350	0.11	-7.97	-11.14	-9.22
G47L	-0.2	0.2	-9.97	-9.94	-8.46
G47P	-0.21	0.21	-7.97	-9.39	-7.61
G47T	0.07	0.16	-7.97	-9.71	-7.86
G47W	0.13	0.1	-7.98	-11.54	-9.59
K48C	0.2	0.14	-7.23	-8.67	-7.88
K48E	0.43	0.6	-3.55	-5.65	-5.39
K48F	-0.24	0.26	-7.26	-8.56	-7.87
K48G	-0.03	0.27	-6.33	-7.53	-6.87
K48H	0.46	0.38	-5.31	-7.95	-7.69
K48I	0.3	0.36	-7.09	-7.56	-7.2
K48L	0.87	0.55	-6.23	-6.81	-6.26
K48M	0.6	0.54	-5.26	-6.94	-6.31
K48N	0.59	0.4	-4.47	-8.05	-7.18
K48P	1.26	0.99	-5.15	-4.5	-4.98
K48Q	0.54	0.45	-3.47	-6.43	-6.2
K48R	0.88	0.5	-2.36	-3.71	-3.72
K48S	0.	0.45	-4.49	-6.60	-6.05
K48T	0.72	0.48	-5.26	-6.69	-6.03
K48W	-0.15	0.08	-7.33	-10.56	-8.77
K48Y	-0.06	0.15	-6.29	-8.38	-7.84
K49A	0.92	0.93	-2.87	-3.12	-2.72
K49D	0.470	0.91	-3.23	-4.31	-3.87
K49E	0.9	0.96	-1.64	-3.22	-2.96
K49F	0.91	0.74	-5.2	-7.31	-6.66
K49G	1.02	0.75	-4.24	-6.4	-5.87
K49H	1.04	0.87	-3.30	-7.24	-6.61
K49I	0.61	0.82	-4.89	-6.22	-5.47
K49L	0.24	0.8	-4.39	-6.93	-6.29
K49M	0.49	0.77	-3.54	-6.39	-5.83
K49N	0.95	0.92	-2.85	-6.17	-5.98
K49P	0.15	0.93	-2.82	-4.66	-4.57
K49Q	0.57	0.94	-1.82	-3.9	-3.6
K49R	1.09	0.92	-1.78	-5.	-4.59
K49S	0.04	0.87	-2.4	-3.87	-3.81
K49T	0.410	0.93	-2.96	-3.78	-3.49
K49V	0.77	0.88	-3.96	-4.18	-3.74
K49Y	0.49	0.74	-4.31	-8.27	-7.29
G50A	0.68	0.57	-3.82	-4.82	-4.14
G50C	0.470	0.410	-6.36	-7.79	-6.67
G50D	0.21	0.8	-3.79	-2.84	-2.64
G50E	1.01	0.70	-4.45	-5.44	-4.59
G50F	0.79	0.17	-6.43	-7.57	-6.84
G50I	-0.02	0.28	-7.07	-7.9	-7.16
G50K	1.09	0.53	-4.42	-3.24	-2.59
G50M	-0.13	0.25	-6.03	-7.43	-6.56
G50N	1.55	0.79	-2.99	-2.7	-2.22
G50P	-0.19	0.28	-5.25	-8.42	-7.14
G50Q	0.63	0.57	-4.65	-5.60	-4.8
G50R	0.93	0.4	-4.87	-5.57	-4.96
G50S	0.84	0.51	-3.07	-4.01	-3.71
G50T	0.12	0.49	-4.9	-7.5	-6.55
G50V	0.39	0.29	-6.3	-8.27	-7.33
G50Y	1.07	0.31	-6.24	-7.24	-6.31
T51A	-0.02	0.43	-4.8	-8.91	-7.91
T51C	0.95	0.36	-5.84	-6.69	-5.93
T51D	-0.01	0.26	-5.8	-8.09	-7.10
T51E	-0.04	0.26	-5.8	-8.73	-7.65
T51G	0.26	0.24	-6.76	-5.78	-4.96
T51H	0.27	0.23	-6.8	-8.41	-7.51
T51I	0.	0.15	-5.88	-6.19	-6.15
T51K	0.16	0.22	-5.8	-8.99	-7.81
T51L	-0.2	0.26	-5.88	-7.62	-6.84
T51M	-0.03	0.07	-5.84	-7.97	-7.21
T51P	-0.02	0.27	-5.84	-9.38	-8.33
T51Q	1.06	0.19	-5.8	-8.21	-7.56
T51R	-0.23	0.14	-5.84	-8.21	-7.37
T51S	0.88	0.68	-3.73	-3.33	-3.06
T51V	-0.08	0.21	-4.92	-8.39	-7.45
T51W	-0.05	0.05	-6.87	-9.06	-8.17
T51Y	0.05	0.05	-6.84	-8.97	-8.09
P52A	1.07	0.46	-2.13	-2.29	-1.6
P52C	0.6	0.37	-3.2	-4.13	-3.06
P52D	0.64	0.39	-2.	-2.52	-1.66
P52E	1.12	0.31	-2.39	-6.27	-4.94
P52F	0.6	0.34	-3.02	-3.76	-3.08
P52G	1.19	0.22	-3.58	-6.44	-5.33
P52H	1.07	0.37	-3.24	-5.81	-4.63
P52I	0.70	0.59	-1.81	-1.58	-0.86
P52K	0.67	0.22	-2.64	-4.43	-3.85
P52L	0.49	0.53	-1.86	-1.7	-0.9
P52M	0.58	0.38	-1.8	-4.16	-3.27
P52N	1.43	0.26	-2.87	-3.26	-2.41
P52Q	0.74	0.17	-2.48	-5.72	-4.82
P52R	0.55	0.18	-3.23	-6.07	-4.96
P52S	0.97	0.37	-2.04	-3.92	-2.93
P52T	0.87	0.33	-2.03	-5.18	-4.32
P52V	0.38	0.42	-1.82	-4.94	-3.93
P52W	0.70	0.23	-4.3	-7.19	-5.56
P52Y	0.74	0.28	-3.12	-4.95	-4.01
W53A	-0.13	0.11	-13.98	-9.47	-9.03
W53C	0.01	0.1	-12.98	-7.32	-6.89
W53D	0.05	0.03	-14.97	-9.96	-9.36
W53E	0.04	0.03	-13.98	-8.99	-8.49
W53G	-0.11	0.02	-12.98	-9.15	-8.53
W53H	-0.06	0.15	-12.98	-9.34	-8.83
W53I	-0.02	0.14	-13.98	-8.53	-8.38
W53K	-0.09	0.02	-13.98	-9.17	-8.88
W53M	0.04	0.1	-11.98	-8.05	-7.89
W53N	0.37	0.03	-14.97	-9.14	-8.7
W53P	-0.01	0.07	-14.97	-8.94	-8.58
W53Q	-0.01	0.09	-12.98	-8.65	-8.53
W53R	0.04	0.08	-13.98	-7.39	-7.68
W53T	-0.15	0.03	-12.98	-8.57	-8.35
W53V	0.14	0.03	-13.98	-8.2	-8.16
W53Y	0.13	0.42	-8.98	-6.06	-6.7
E54A	0.5	0.6	-5.47	-3.7	-2.91
E54C	-0.01	0.19	-8.46	-9.23	-7.79
E54D	0.2	0.56	-2.77	-5.31	-4.38
E54F	0.97	0.29	-7.61	-9.01	-7.37
E54G	0.71	0.31	-6.55	-6.79	-5.61
E54H	0.4	0.59	-4.75	-7.7	-6.59
E54I	0.39	0.25	-7.57	-8.82	-7.8
E54K	0.48	0.4	-3.77	-5.84	-5.39
E54L	0.04	0.31	-7.57	-9.91	-8.46
E54M	0.83	0.21	-6.60	-9.79	-8.42
E54N	0.07	0.5	-4.71	-8.51	-7.44
E54P	-0.13	0.27	-5.65	-9.91	-8.64
E54Q	0.81	0.54	-2.77	-5.37	-4.53
E54R	0.19	0.37	-4.72	-7.4	-6.31
E54S	0.76	0.43	-4.61	-7.43	-6.36
E54T	0.6	0.410	-5.61	-8.56	-7.45
E54V	0.45	0.28	-6.59	-9.34	-7.87
E54W	0.13	0.14	-7.65	-11.04	-9.08
E54Y	0.33	0.29	-6.66	-7.9	-6.8
G55A	0.58	0.28	-5.23	-5.14	-4.09
G55C	0.77	0.21	-8.11	-5.19	-4.33
G55D	1.04	0.39	-5.93	-3.09	-2.35
G55E	0.70	0.38	-6.7	-3.38	-2.62
G55F	1.29	0.19	-8.11	-6.57	-5.60
G55H	0.94	0.36	-6.88	-2.82	-2.18
G55I	0.44	0.13	-8.98	-6.79	-5.52
G55K	0.55	0.32	-6.85	-3.37	-2.59
G55L	0.63	0.2	-8.96	-6.71	-5.31
G55M	0.86	0.07	-7.96	-6.56	-5.36
G55N	0.45	0.49	-4.87	-3.58	-2.6
G55P	0.57	0.19	-7.06	-4.72	-3.7
G55Q	0.70	0.31	-6.75	-4.59	-3.47
G55R	0.26	0.26	-6.9	-4.94	-4.12
G55S	0.55	0.32	-5.03	-3.6	-2.68
G55T	0.13	0.29	-6.93	-4.19	-3.76
G55V	0.3	0.18	-8.04	-5.88	-4.93
G55W	0.52	0.07	-7.3	-7.19	-5.8
G55Y	1.21	0.19	-8.	-5.79	-4.43
G56A	0.09	0.37	-5.76	-5.36	-4.22
G56D	-0.06	0.17	-6.76	-8.43	-7.54
G56E	-0.09	0.21	-7.73	-8.82	-7.51
G56F	-0.18	0.18	-8.76	-8.33	-7.10
G56L	-0.08	0.21	-9.72	-9.55	-8.37
G56M	0.29	0.19	-8.72	-8.43	-7.4
G56N	-0.12	0.19	-5.76	-10.32	-8.87
G56S	0.01	0.28	-5.66	-6.10	-5.4
G56T	-0.410	0.27	-7.69	-7.99	-6.73
G56V	0.08	0.17	-8.76	-8.64	-7.26
G56W	-0.13	0.04	-7.82	-10.44	-8.7
G56Y	0.05	0.19	-8.75	-7.14	-5.73
L57A	0.1	0.79	-3.17	-7.10	-6.38
L57C	0.8	0.8	-3.52	-6.89	-5.98
L57D	0.11	0.72	-5.46	-7.28	-6.94
L57E	0.81	0.83	-4.51	-4.83	-4.48
L57F	0.45	0.83	-2.33	-4.67	-4.32
L57G	0.18	0.56	-5.64	-8.68	-7.84
L57H	1.37	0.76	-4.69	-6.41	-5.62
L57I	0.6	0.91	-1.01	-4.64	-4.56
L57K	0.53	0.85	-4.04	-5.38	-5.11
L57M	0.6	0.92	-0.99	-5.24	-4.71
L57N	0.53	0.73	-4.8	-6.83	-6.14
L57P	0.14	0.58	-4.93	-8.11	-7.46
L57Q	0.74	0.78	-3.82	-6.76	-6.09
L57R	0.75	0.84	-4.22	-5.59	-5.16
L57S	0.58	0.84	-3.82	-5.01	-4.88
L57T	0.28	0.89	-2.97	-5.12	-4.87
L57V	0.42	0.92	-1.47	-3.09	-2.94
L57W	0.410	0.68	-3.77	-8.94	-8.11
L57Y	0.28	0.84	-2.88	-4.45	-4.31
F58C	0.1	0.03	-5.97	-7.47	-6.33
F58D	0.18	0.03	-6.97	-9.41	-6.72
F58E	0.14	0.04	-6.3	-7.98	-6.23
F58G	0.1	0.01	-6.97	-8.96	-6.66
F58H	-0.05	0.17	-2.96	-7.14	-5.88
F58I	0.15	0.33	-4.65	-4.59	-3.78
F58K	0.09	0.03	-6.3	-9.11	-6.94
F58L	0.07	0.34	-4.65	-5.19	-3.76
F58M	0.25	0.07	-4.65	-5.5	-4.84
F58N	-0.11	0.03	-6.3	-7.65	-6.15
F58Q	0.25	0.11	-5.63	-7.09	-6.07
F58R	0.07	0.06	-6.3	-7.69	-6.41
F58S	0.03	0.11	-5.97	-6.84	-5.76
F58T	0.16	0.13	-5.97	-7.13	-5.91
F58V	0.46	0.2	-4.97	-6.22	-5.02
F58W	0.04	0.4	-2.30	-6.92	-5.08
F58Y	0.97	0.64	1.71	0.53	1.44
K59A	0.55	0.71	-4.2	-5.77	-4.99
K59C	0.89	0.63	-6.03	-6.3	-5.71
K59D	0.45	0.65	-4.46	-6.97	-5.93
K59E	0.70	0.68	-2.86	-7.16	-6.10
K59F	0.96	0.6	-5.87	-5.78	-5.49
K59G	0.38	0.42	-5.21	-7.5	-6.64
K59H	1.15	0.67	-4.17	-6.02	-5.27
K59I	0.59	0.6	-5.87	-6.66	-6.07
K59L	0.65	0.63	-5.14	-5.23	-4.82
K59M	0.32	0.56	-4.22	-6.95	-6.03
K59N	0.78	0.79	-3.49	-4.53	-4.26
K59P	0.49	0.69	-3.73	-5.11	-3.99
K59Q	0.70	0.71	-2.7	-5.81	-5.14
K59R	0.93	0.81	-1.57	-2.87	-2.59
K59S	0.84	0.67	-3.54	-4.51	-4.4
K59T	0.77	0.76	-4.16	-4.69	-4.19
K59V	0.81	0.58	-5.14	-6.24	-5.4
K59W	1.22	0.49	-6.16	-5.89	-5.45
K59Y	0.63	0.6	-5.08	-5.49	-5.12
L60A	0.8	0.39	-4.4	-4.65	-4.41
L60C	1.05	0.33	-4.51	-7.7	-6.66
L60D	-0.02	0.06	-7.28	-10.32	-8.5
L60E	0.	0.14	-6.36	-10.47	-8.55
L60F	1.22	0.350	-3.59	-7.04	-6.8
L60G	0.46	0.26	-7.28	-8.6	-7.79
L60H	0.1	0.06	-6.43	-9.86	-8.58
L60I	0.96	0.62	-1.41	-4.32	-3.85
L60K	0.1	0.12	-5.49	-9.64	-8.38
L60M	0.8	0.69	-1.5	-4.60	-3.88
L60N	0.	0.06	-6.41	-9.15	-8.23
L60P	-0.02	0.13	-6.36	-8.22	-7.4
L60Q	0.09	0.06	-5.44	-10.55	-8.66
L60R	0.1	0.19	-5.56	-9.48	-8.33
L60S	0.18	0.2	-5.42	-7.93	-7.08
L60T	0.5	0.38	-4.43	-7.85	-6.9
L60V	0.49	0.64	-2.2	-4.31	-3.68
L60W	0.05	0.2	-5.57	-10.08	-8.89
R61A	0.61	0.82	-3.89	-5.33	-5.05
R61C	0.73	0.78	-5.60	-5.98	-5.69
R61D	0.70	0.85	-4.17	-4.91	-4.82
R61E	0.61	0.94	-2.89	-4.89	-4.49
R61F	0.66	0.8	-5.73	-4.93	-4.72
R61G	0.5	0.64	-4.91	-7.16	-6.45
R61H	0.61	0.83	-3.43	-3.41	-3.28
R61I	0.49	0.89	-5.53	-4.83	-4.12
R61K	0.98	0.91	-1.66	-4.	-3.83
R61L	0.69	0.79	-4.89	-4.09	-3.74
R61M	0.59	0.85	-3.99	-5.21	-4.72
R61N	1.01	0.93	-2.87	-3.53	-3.48
R61P	0.54	0.39	-4.66	-5.44	-5.84
R61Q	0.75	0.92	-2.25	-4.22	-3.92
R61S	0.79	0.9	-3.46	-4.31	-3.97
R61T	0.95	0.91	-3.01	-3.25	-3.01
R61V	0.61	0.79	-5.26	-3.35	-3.21
R61W	0.4	0.49	-5.8	-5.37	-5.57
R61Y	0.53	0.84	-4.97	-5.85	-5.12
M62A	0.55	0.3	-5.	-8.99	-7.85
M62E	-0.07	0.09	-6.17	-11.69	-9.88
M62F	1.1	0.37	-4.11	-8.88	-7.98
M62G	0.04	0.07	-7.13	-10.1	-9.22
M62I	0.56	0.69	-2.64	-5.26	-5.21
M62K	0.14	0.1	-5.36	-11.13	-9.68
M62L	0.44	0.73	-2.11	-4.02	-3.91
M62N	-0.03	0.1	-6.21	-11.83	-9.91
M62P	0.04	0.13	-6.17	-10.05	-9.33
M62Q	0.07	0.09	-4.59	-11.05	-9.83
M62R	-0.15	0.18	-5.4	-10.71	-9.76
M62S	0.06	0.24	-5.24	-9.54	-8.78
M62T	0.45	0.25	-5.	-9.67	-8.72
M62V	0.85	0.69	-2.76	-5.12	-4.75
M62W	-0.12	0.350	-5.4	-9.32	-8.53
L63A	0.69	0.97	-1.81	-4.75	-4.14
L63C	0.22	0.95	-2.53	-6.37	-5.62
L63D	1.02	0.94	-3.1	-5.44	-4.43
L63E	1.33	0.98	-2.30	-5.11	-4.11
L63F	0.96	0.93	-1.69	-3.73	-3.44
L63G	0.99	0.82	-4.02	-6.9	-6.03
L63H	0.83	0.97	-2.67	-4.83	-4.21
L63I	0.76	0.97	0.1	-2.65	-2.02
L63K	0.92	0.97	-2.59	-4.64	-3.99
L63M	1.	0.92	-0.64	-6.06	-5.52
L63N	0.68	0.98	-2.72	-5.86	-4.93
L63P	-0.05	0.77	-3.31	-8.84	-7.53
L63Q	1.09	0.95	-2.35	-4.83	-3.99
L63R	0.86	0.94	-2.74	-6.23	-5.4
L63S	1.03	0.98	-2.2	-4.68	-4.03
L63T	0.45	0.97	-1.58	-3.4	-2.78
L63V	1.21	0.96	-0.22	-3.97	-3.45
L63W	-0.19	0.88	-3.36	-8.6	-7.
L63Y	0.53	0.94	-1.83	-4.32	-3.87
F64C	0.37	0.2	-7.73	-8.25	-7.22
F64D	1.2	0.02	-8.69	-10.3	-8.75
F64G	0.02	0.07	-8.69	-8.7	-8.07
F64H	0.02	0.02	-6.76	-8.99	-8.14
F64I	0.66	0.36	-5.8	-6.46	-5.68
F64K	-0.01	0.02	-8.69	-11.14	-9.
F64L	0.67	0.43	-5.8	-6.75	-6.36
F64M	1.95	0.3	-5.8	-7.7	-6.84
F64P	0.07	0.11	-9.66	-8.62	-7.72
F64R	-0.12	0.02	-8.69	-9.67	-8.49
F64S	-0.19	0.14	-7.73	-7.88	-7.47
F64T	0.04	0.17	-7.73	-7.08	-6.61
F64V	0.82	0.32	-6.76	-7.	-6.10
F64W	0.2	0.33	-4.83	-7.93	-7.36
F64Y	0.59	0.4	-2.9	-5.48	-4.61
K65A	0.07	0.58	-2.51	-8.1	-7.25
K65D	0.08	0.73	-2.48	-6.94	-6.23
K65E	1.35	0.6	-1.62	-7.48	-6.78
K65F	0.4	0.21	-4.78	-8.82	-8.1
K65G	0.70	0.71	-3.30	-6.72	-6.04
K65H	0.82	0.66	-2.83	-9.54	-8.38
K65I	1.12	0.44	-4.49	-8.99	-8.26
K65L	1.17	0.48	-4.03	-8.58	-7.74
K65M	1.54	0.16	-3.05	-6.73	-6.81
K65N	1.27	0.74	-1.78	-5.71	-5.38
K65P	0.73	1.	-0.74	-4.72	-5.01
K65Q	1.13	0.45	-1.48	-6.89	-6.47
K65R	1.05	0.38	-1.46	-6.11	-5.86
K65S	0.89	0.98	-1.43	-4.51	-4.12
K65T	1.21	0.96	-2.26	-5.67	-5.03
K65V	0.26	0.37	-3.78	-8.35	-7.74
K65W	-0.16	0.11	-4.96	-10.98	-9.08
K65Y	0.470	0.11	-3.95	-8.61	-7.93
D66A	0.71	0.86	-5.94	-6.10	-5.82
D66C	0.87	0.78	-7.45	-8.33	-7.62
D66E	0.79	0.91	-1.78	-2.65	-2.5
D66F	0.54	0.61	-7.16	-8.06	-7.52
D66G	0.66	0.67	-5.59	-7.57	-6.8
D66H	0.82	0.82	-4.75	-6.91	-6.57
D66I	0.57	0.69	-7.2	-7.8	-6.95
D66K	0.52	0.82	-4.76	-7.69	-6.59
D66L	0.82	0.71	-7.84	-7.94	-7.53
D66N	0.64	0.83	-3.69	-3.69	-3.62
D66P	0.76	0.85	-5.03	-6.05	-5.84
D66Q	0.72	0.92	-3.83	-5.72	-5.28
D66R	0.	0.82	-5.66	-7.19	-6.46
D66S	0.57	0.85	-4.37	-5.46	-5.07
D66T	0.86	0.82	-5.3	-6.51	-6.01
D66V	0.39	0.73	-6.91	-6.9	-6.55
D66W	0.34	0.43	-7.84	-9.42	-8.29
D66Y	0.4	0.63	-6.78	-8.31	-7.42
D67A	0.8	0.56	-6.	-7.68	-6.62
D67C	0.78	0.470	-7.4	-7.63	-6.98
D67E	0.82	0.83	-1.87	-3.56	-3.39
D67F	1.23	0.33	-6.93	-7.95	-6.95
D67G	1.05	0.53	-5.60	-5.76	-4.94
D67H	1.27	0.70	-4.64	-6.02	-5.27
D67I	0.15	0.33	-7.13	-5.49	-5.42
D67K	0.350	0.54	-4.84	-6.17	-5.16
D67L	0.23	0.410	-7.8	-5.98	-5.41
D67N	0.76	0.78	-3.68	-3.95	-3.51
D67P	0.61	0.33	-5.37	-8.85	-7.77
D67Q	0.6	0.76	-3.87	-5.34	-4.61
D67R	0.36	0.55	-5.7	-5.55	-4.77
D67S	0.88	0.71	-4.41	-4.18	-3.64
D67T	0.64	0.56	-5.34	-5.04	-4.5
D67V	0.55	0.27	-6.9	-7.62	-6.81
D67W	0.16	0.23	-7.66	-9.75	-8.08
D67Y	0.24	0.37	-6.47	-6.91	-6.22
Y68A	0.08	0.05	-7.86	-7.5	-6.42
Y68C	0.13	0.03	-7.92	-4.93	-4.37
Y68D	-0.2	0.07	-8.82	-6.51	-5.52
Y68E	-0.04	0.03	-8.01	-6.96	-6.19
Y68F	0.51	0.56	-2.87	-2.4	-1.86
Y68G	-0.05	0.05	-8.82	-6.62	-5.89
Y68H	0.38	0.17	-4.53	-4.18	-3.52
Y68I	-0.03	0.02	-6.84	-6.22	-5.5
Y68K	-0.09	0.03	-8.01	-6.84	-6.02
Y68L	-0.03	0.1	-6.84	-5.65	-5.18
Y68N	-0.06	0.16	-8.01	-6.65	-5.85
Y68P	0.	0.	-8.98	-7.41	-6.31
Y68Q	-0.15	0.03	-7.2	-7.45	-6.36
Y68R	0.28	0.01	-8.01	-4.68	-4.32
Y68S	0.07	0.06	-7.86	-6.35	-5.72
Y68T	0.2	0.1	-7.86	-6.7	-5.95
Y68V	0.08	0.03	-6.96	-6.19	-5.64
Y68W	0.26	0.32	-4.32	-6.41	-5.27
P69A	0.08	0.05	-7.38	-8.98	-7.97
P69C	0.02	0.01	-9.31	-11.3	-9.23
P69D	0.01	0.11	-7.41	-9.87	-8.44
P69E	-0.11	0.02	-7.41	-10.12	-8.97
P69F	0.08	0.03	-10.2	-9.9	-8.62
P69G	-0.04	0.	-8.34	-10.78	-9.01
P69H	0.	0.07	-8.34	-9.3	-8.11
P69I	-0.13	0.04	-9.27	-9.78	-8.62
P69K	0.22	0.09	-7.41	-9.83	-8.51
P69L	-0.01	0.07	-9.27	-8.45	-7.5
P69M	-0.08	0.01	-8.34	-11.47	-9.21
P69N	-0.13	0.13	-8.34	-9.87	-8.
P69Q	-0.11	0.06	-7.41	-10.21	-8.84
P69R	-0.07	0.05	-8.34	-9.46	-8.2
P69S	-0.01	0.08	-7.38	-7.14	-6.32
P69V	0.1	0.05	-8.34	-10.57	-9.04
P69W	0.2	0.	-10.24	-10.92	-9.21
P69Y	-0.08	0.04	-9.27	-11.8	-9.45
S70A	0.98	0.75	-1.91	-4.7	-4.14
S70C	0.96	0.55	-3.65	-6.52	-6.19
S70D	0.16	0.74	-2.59	-5.76	-5.28
S70E	0.56	0.70	-2.52	-7.58	-6.61
S70F	0.54	0.70	-4.52	-5.05	-4.97
S70G	1.06	0.32	-3.21	-5.33	-4.96
S70I	1.19	0.71	-4.2	-5.33	-4.82
S70K	0.27	0.470	-2.78	-7.82	-6.83
S70L	1.03	0.8	-4.2	-6.43	-5.7
S70M	0.63	0.64	-3.53	-6.25	-6.
S70N	1.15	0.66	-2.01	-4.93	-4.58
S70P	0.11	0.12	-3.46	-8.74	-7.91
S70R	0.5	0.46	-3.39	-7.19	-6.62
S70T	0.8	0.59	-0.68	-3.94	-3.45
S70V	0.55	0.75	-3.82	-7.06	-6.32
S70W	0.56	0.58	-5.11	-8.48	-7.36
S70Y	0.77	0.84	-4.42	-6.97	-6.31
S71A	1.24	0.81	-1.54	-4.74	-4.28
S71C	0.65	0.64	-3.22	-8.34	-6.85
S71D	1.72	0.82	-2.24	-5.7	-4.94
S71E	1.81	0.73	-1.41	-4.16	-3.79
S71F	0.11	0.57	-3.71	-7.09	-6.41
S71G	1.35	0.470	-2.75	-7.07	-6.19
S71H	1.1	0.70	-2.61	-4.84	-4.27
S71I	0.31	0.6	-3.46	-5.4	-4.74
S71K	0.75	0.88	0.1	-2.98	-2.68
S71L	0.22	0.65	-2.99	-5.86	-5.03
S71M	0.22	0.61	-2.30	-5.86	-5.02
S71N	0.59	0.72	-1.21	-5.27	-4.53
S71P	0.25	0.32	-2.56	-7.9	-7.11
S71Q	0.79	0.81	-1.3	-6.08	-5.02
S71R	0.42	0.84	-1.08	-3.96	-3.47
S71T	0.68	0.79	-0.67	-2.05	-1.7
S71V	0.14	0.75	-2.98	-4.74	-4.35
S71W	1.14	0.43	-4.14	-7.84	-6.91
S71Y	0.65	0.53	-3.35	-4.66	-4.3
P72A	0.94	0.38	-7.71	-5.88	-4.78
P72C	0.68	0.25	-9.64	-8.54	-7.37
P72F	-0.39	0.02	-10.6	-9.9	-8.6
P72H	0.1	0.14	-8.68	-9.1	-7.96
P72I	-0.19	0.1	-9.64	-9.87	-8.56
P72L	-0.12	0.18	-9.64	-7.17	-6.07
P72M	-0.28	0.13	-8.67	-9.56	-8.08
P72N	0.92	0.03	-8.68	-8.83	-7.56
P72Q	0.53	0.12	-7.71	-7.24	-6.74
P72R	0.19	0.14	-8.68	-7.95	-7.02
P72S	0.65	0.3	-7.71	-6.08	-5.38
P72T	0.13	0.25	-7.71	-8.93	-7.77
P72W	0.02	0.02	-10.6	-9.26	-8.21
P72Y	-0.16	0.06	-9.64	-10.26	-8.89
P73A	0.82	0.15	-7.72	-7.95	-6.75
P73C	0.64	0.02	-9.64	-9.18	-7.53
P73D	-0.19	0.01	-7.71	-11.58	-8.19
P73E	-0.04	0.04	-7.71	-9.48	-7.72
P73F	0.03	0.09	-10.61	-8.44	-6.46
P73G	-0.14	0.04	-8.68	-9.13	-7.41
P73H	-0.02	0.01	-8.68	-8.88	-7.5
P73I	0.43	0.03	-9.64	-9.15	-7.19
P73K	-0.02	0.07	-7.72	-9.17	-7.37
P73L	0.17	0.12	-9.64	-8.23	-6.5
P73M	1.40	0.09	-8.68	-7.16	-5.69
P73N	-0.04	0.01	-8.67	-9.28	-7.62
P73Q	-0.03	0.05	-7.72	-8.96	-7.23
P73R	0.02	0.01	-8.68	-8.43	-6.96
P73S	0.18	0.14	-7.71	-6.31	-5.17
P73T	0.63	0.09	-7.72	-7.75	-6.48
P73V	1.04	0.01	-8.68	-8.56	-6.72
P73W	-0.05	0.01	-10.61	-10.74	-8.22
P73Y	0.	0.01	-9.64	-9.91	-7.96
K74A	1.43	0.74	-5.63	-6.28	-5.65
K74C	1.6	0.57	-7.52	-8.77	-7.47
K74D	1.32	0.63	-5.53	-6.42	-6.
K74E	1.43	0.75	-3.71	-6.28	-5.74
K74F	1.49	0.5	-7.52	-8.07	-7.
K74G	1.29	0.42	-6.5	-7.98	-6.84
K74H	1.36	0.63	-5.54	-7.63	-6.41
K74I	1.39	0.74	-7.51	-4.84	-4.17
K74L	1.34	0.67	-6.58	-5.7	-5.04
K74M	1.5	0.58	-5.62	-6.64	-6.01
K74N	1.37	0.72	-4.44	-4.93	-4.62
K74P	0.4	0.32	-5.64	-8.62	-7.89
K74Q	1.16	0.63	-3.71	-5.02	-4.54
K74R	1.09	0.81	-2.78	-5.51	-4.68
K74S	1.51	0.72	-4.60	-6.95	-6.17
K74T	1.25	0.68	-5.56	-6.34	-5.45
K74V	1.24	0.71	-6.59	-5.4	-4.68
K74W	-0.2	0.29	-7.56	-9.27	-7.96
K74Y	1.45	0.470	-6.56	-6.96	-6.41
C75A	0.61	0.68	-8.59	-5.82	-5.64
C75D	0.03	0.09	-11.48	-10.79	-10.04
C75E	0.01	0.09	-12.43	-11.12	-10.1
C75F	1.36	0.43	-10.51	-10.37	-9.45
C75G	0.78	0.44	-11.46	-6.9	-6.95
C75H	0.04	0.09	-11.48	-10.64	-10.
C75I	2.19	0.85	-9.52	-7.64	-7.61
C75K	-0.12	0.27	-11.47	-11.39	-10.29
C75L	1.52	0.72	-9.54	-6.43	-6.2
C75N	0.18	0.09	-11.48	-10.78	-10.21
C75P	1.39	0.1	-11.47	-9.6	-9.25
C75Q	-0.05	0.09	-11.47	-11.71	-10.3
C75R	0.16	0.1	-11.48	-11.29	-10.2
C75S	0.8	0.37	-9.56	-9.93	-9.62
C75T	0.46	0.39	-9.55	-10.32	-9.5
C75V	1.99	0.86	-9.52	-5.10	-5.5
C75W	0.2	0.29	-10.52	-8.38	-8.69
C75Y	0.02	0.32	-10.51	-9.82	-9.06
K76A	1.21	0.74	-4.99	-5.93	-5.22
K76C	0.72	0.57	-6.82	-5.85	-5.11
K76D	1.78	0.34	-5.08	-7.52	-6.71
K76E	1.32	0.57	-3.21	-4.26	-4.14
K76F	1.39	0.64	-6.81	-4.67	-4.35
K76G	0.98	0.43	-6.01	-7.97	-6.82
K76H	1.39	0.62	-4.89	-5.64	-5.01
K76I	1.07	0.61	-6.68	-4.19	-3.9
K76L	1.1	0.62	-5.82	-5.95	-5.36
K76M	0.9	0.68	-4.85	-4.7	-4.26
K76N	1.36	0.6	-4.12	-4.86	-4.32
K76P	-0.06	0.36	-5.14	-7.54	-6.85
K76Q	1.01	0.75	-2.92	-2.96	-2.34
K76R	1.12	0.81	-2.04	-2.29	-2.4
K76S	1.32	0.74	-4.18	-4.53	-4.09
K76T	1.35	0.77	-4.99	-5.71	-5.23
K76V	0.94	0.63	-5.88	-4.3	-3.72
K76W	0.86	0.53	-6.85	-5.9	-5.45
K76Y	1.77	0.68	-5.85	-6.34	-5.59
F77A	-0.17	0.16	-7.5	-7.69	-6.73
F77C	0.01	0.16	-7.49	-8.69	-7.60
F77D	-0.22	0.04	-8.47	-9.31	-7.46
F77E	0.02	0.05	-8.45	-9.43	-7.97
F77G	-0.34	0.	-8.47	-8.18	-7.14
F77H	-0.09	0.05	-6.58	-8.78	-7.44
F77I	0.05	0.22	-5.58	-6.86	-5.4
F77K	-0.04	0.	-8.43	-10.38	-7.99
F77L	0.26	0.3	-5.56	-4.41	-3.19
F77M	0.09	0.24	-5.58	-7.	-5.45
F77N	-0.19	0.08	-8.45	-9.15	-7.53
F77P	-0.04	0.01	-9.39	-7.9	-7.06
F77Q	-0.17	0.05	-8.44	-9.22	-7.81
F77R	-0.01	0.	-8.44	-8.23	-7.12
F77S	-0.05	0.09	-7.51	-3.65	-3.27
F77T	0.21	0.04	-7.5	-8.44	-7.22
F77V	-0.03	0.23	-6.54	-6.34	-5.33
F77W	-0.12	0.27	-4.7	-8.03	-6.94
F77Y	0.01	0.28	-2.82	-6.87	-5.87
E78A	0.71	0.64	-1.99	-4.46	-4.21
E78C	0.29	0.69	-3.71	-5.64	-5.08
E78D	0.81	0.83	-0.86	-2.86	-2.66
E78G	0.93	0.46	-3.32	-7.93	-6.95
E78H	0.86	0.64	-2.58	-8.3	-7.31
E78I	0.61	0.79	-2.35	-4.48	-4.2
E78K	1.25	0.83	-1.78	-4.87	-4.49
E78L	0.61	0.78	-2.96	-3.82	-3.87
E78M	1.17	0.71	-2.4	-6.17	-5.8
E78N	1.05	0.70	-2.15	-4.85	-4.43
E78P	-0.01	0.69	-1.71	-5.57	-4.60
E78Q	0.75	0.67	-1.31	-5.92	-5.34
E78R	1.16	0.63	-2.61	-7.64	-6.92
E78S	0.69	0.81	-1.79	-4.18	-3.85
E78T	0.61	0.85	-1.32	-3.22	-3.09
E78V	1.44	0.87	-1.54	-2.94	-2.76
E78W	0.70	0.42	-4.18	-7.49	-7.06
E78Y	0.350	0.45	-3.08	-6.35	-6.02
P79A	1.37	0.94	-6.66	-5.88	-5.58
P79C	0.91	0.61	-8.63	-6.74	-6.4
P79D	1.04	0.38	-6.83	-9.26	-8.53
P79E	1.1	0.57	-6.68	-7.44	-6.91
P79F	0.8	0.24	-9.54	-8.6	-8.01
P79G	1.05	0.34	-7.72	-8.31	-7.31
P79H	1.26	0.44	-7.7	-6.29	-6.04
P79I	1.22	0.08	-8.66	-8.24	-7.76
P79K	1.12	0.55	-6.58	-7.58	-6.48
P79L	0.77	0.15	-8.6	-7.47	-6.69
P79M	0.95	0.08	-7.66	-8.94	-8.07
P79N	1.32	0.45	-7.66	-7.22	-6.57
P79Q	1.	0.63	-6.61	-5.29	-5.2
P79R	1.24	0.48	-7.53	-6.76	-6.22
P79S	1.12	0.76	-6.7	-6.67	-6.67
P79T	0.95	0.77	-6.78	-6.14	-6.62
P79V	1.19	0.22	-7.71	-7.46	-7.04
P79W	1.17	0.15	-9.56	-9.81	-8.88
P79Y	1.46	0.23	-8.61	-7.25	-6.95
P80A	1.	0.49	-6.23	-2.41	-2.48
P80C	0.18	0.39	-8.14	-6.04	-5.52
P80D	0.82	0.48	-6.11	-4.48	-3.9
P80E	0.66	0.53	-6.3	-5.10	-4.61
P80F	0.79	0.28	-8.99	-6.21	-5.54
P80G	0.87	0.53	-6.71	-3.	-2.65
P80H	0.84	0.46	-7.25	-6.02	-5.5
P80I	0.31	0.55	-8.21	-4.72	-4.31
P80K	0.65	0.68	-6.4	-3.61	-3.57
P80L	0.43	0.52	-8.25	-3.	-2.93
P80M	1.	0.39	-7.34	-6.12	-5.47
P80N	0.94	0.59	-6.96	-3.16	-2.98
P80Q	0.55	0.54	-6.37	-4.64	-4.33
P80R	0.71	0.65	-7.24	-4.14	-3.92
P80S	0.63	0.48	-6.13	-4.32	-4.14
P80T	0.86	0.48	-6.17	-3.29	-3.43
P80V	0.3	0.66	-7.3	-3.45	-2.88
P80W	1.	0.15	-8.98	-6.88	-6.04
P80Y	1.03	0.28	-8.19	-7.37	-6.41
L81A	0.18	0.19	-4.24	-7.71	-7.53
L81C	0.11	0.28	-4.25	-7.06	-6.91
L81D	-0.08	0.08	-6.79	-8.55	-8.12
L81E	-0.2	0.05	-6.03	-8.93	-8.35
L81F	0.27	0.36	-2.61	-2.80	-2.95
L81G	0.03	0.02	-6.88	-8.74	-8.3
L81H	-0.16	0.1	-5.83	-7.79	-7.54
L81I	0.96	0.57	-1.33	-1.52	-2.49
L81K	0.02	0.12	-5.27	-8.2	-7.87
L81M	0.66	0.470	-1.59	-5.24	-5.11
L81N	-0.17	0.05	-6.04	-8.79	-8.68
L81P	0.1	0.26	-6.13	-4.14	-4.74
L81Q	-0.09	0.11	-5.26	-8.14	-7.78
L81R	0.04	0.19	-5.28	-6.02	-6.69
L81S	0.02	0.2	-5.09	-7.68	-7.62
L81T	0.04	0.24	-4.24	-6.27	-6.17
L81V	0.76	0.61	-2.27	-2.77	-3.13
L81W	-0.06	0.13	-4.89	-9.1	-8.78
L81Y	-0.05	0.11	-3.74	-7.91	-7.65
F82A	0.03	0.23	-7.57	-6.79	-6.66
F82C	0.07	0.26	-7.58	-6.01	-5.69
F82D	-0.02	0.15	-8.52	-8.91	-8.25
F82E	0.1	0.18	-8.51	-9.19	-8.2
F82G	0.07	0.08	-8.52	-9.67	-9.33
F82H	0.25	0.23	-6.60	-8.53	-7.35
F82I	0.04	0.27	-5.68	-7.45	-6.82
F82K	-0.06	0.15	-8.51	-8.31	-7.47
F82L	0.17	0.39	-5.68	-5.41	-4.89
F82M	0.14	0.3	-5.68	-7.61	-6.71
F82N	-0.08	0.2	-8.51	-10.09	-9.26
F82P	-0.02	0.31	-9.46	-6.04	-5.54
F82Q	-0.02	0.21	-8.51	-8.16	-7.57
F82R	-0.25	0.12	-8.5	-8.38	-7.72
F82S	-0.1	0.22	-7.57	-6.42	-6.06
F82T	0.1	0.17	-7.56	-8.78	-8.02
F82V	0.01	0.29	-6.63	-6.58	-6.33
F82W	0.57	0.46	-4.74	-5.86	-5.38
F82Y	0.17	0.6	-2.83	-5.64	-5.43
H83A	0.01	0.07	-9.44	-7.92	-6.79
H83C	-0.02	0.01	-10.38	-9.6	-8.18
H83D	0.05	0.17	-8.5	-10.72	-9.06
H83E	-0.25	0.16	-7.56	-9.56	-8.53
H83G	0.	0.07	-9.44	-9.19	-7.51
H83K	0.11	0.04	-8.5	-9.12	-7.94
H83L	0.02	0.04	-10.38	-9.43	-7.87
H83M	-0.05	0.01	-9.44	-9.21	-8.36
H83P	-0.05	0.06	-9.43	-9.55	-8.15
H83Q	0.01	0.21	-7.56	-8.97	-8.05
H83R	-0.1	0.04	-7.56	-9.58	-8.27
H83S	-0.06	0.07	-8.49	-5.68	-4.96
H83V	0.01	0.01	-10.38	-9.29	-8.06
H83W	-0.01	0.	-9.43	-13.2	-9.12
H83Y	-0.25	0.04	-5.65	-8.61	-7.37
P84A	0.8	0.18	-7.55	-8.35	-6.83
P84C	0.54	0.21	-9.45	-8.99	-7.23
P84E	-0.05	0.09	-7.56	-7.26	-6.62
P84F	-0.07	0.06	-10.36	-7.43	-6.57
P84G	0.01	0.	-8.51	-8.92	-7.96
P84H	-0.3	0.03	-8.5	-9.85	-8.42
P84I	1.06	0.27	-9.44	-5.95	-4.9
P84K	-0.350	0.06	-7.56	-6.87	-6.42
P84L	1.31	0.19	-9.44	-5.61	-4.84
P84M	1.19	0.22	-8.5	-5.92	-4.99
P84R	-0.01	0.04	-8.51	-7.83	-6.74
P84S	-0.03	0.18	-7.56	-6.92	-6.14
P84T	0.61	0.22	-7.56	-7.63	-6.55
P84V	1.51	0.22	-8.49	-4.92	-4.08
P84W	-0.02	0.01	-10.36	-8.87	-7.69
N85D	-0.09	0.23	-4.72	-8.17	-7.18
N85E	0.13	0.21	-5.66	-8.61	-7.65
N85G	-0.21	0.08	-5.66	-8.17	-7.48
N85H	-0.11	0.25	-4.72	-8.78	-7.38
N85I	-0.27	0.06	-8.49	-8.93	-7.59
N85K	0.	0.07	-5.66	-8.81	-7.61
N85L	-0.32	0.06	-8.49	-7.24	-6.46
N85P	-0.06	0.02	-7.54	-9.21	-8.08
N85Q	-0.11	0.23	-5.66	-8.65	-7.38
N85R	0.04	0.06	-5.65	-7.82	-7.16
N85S	0.63	0.1	-4.7	-8.18	-7.02
N85T	-0.19	0.09	-5.64	-7.84	-6.95
N85V	0.12	0.01	-8.48	-8.27	-7.35
N85Y	-0.17	0.05	-7.55	-8.72	-7.56
V86A	0.44	0.16	-3.78	-8.7	-7.86
V86E	-0.13	0.09	-5.68	-9.94	-8.74
V86G	-0.1	0.11	-6.62	-8.43	-7.72
V86I	0.38	0.64	-0.71	-2.31	-2.35
V86K	0.36	0.14	-5.68	-9.54	-8.85
V86L	0.08	0.36	-2.6	-8.61	-7.74
V86M	0.81	0.36	-2.72	-7.53	-6.83
V86P	-0.12	0.02	-5.66	-9.75	-8.74
V86R	-0.05	0.1	-6.5	-9.27	-8.42
V86S	0.59	0.12	-5.55	-8.19	-7.36
V86T	-0.17	0.12	-3.77	-8.95	-8.15
V86W	-0.01	0.06	-6.49	-9.42	-8.65
Y87A	-0.12	0.43	-7.88	-9.29	-7.96
Y87C	-0.02	0.56	-7.9	-8.11	-7.17
Y87D	-0.06	0.54	-8.83	-7.42	-6.97
Y87F	1.17	0.72	-2.74	-2.54	-2.07
Y87G	0.03	0.32	-8.83	-6.93	-6.35
Y87H	0.12	0.57	-4.56	-6.77	-6.09
Y87K	0.03	0.31	-8.02	-10.35	-9.15
Y87N	-0.03	0.52	-8.03	-7.99	-7.11
Y87P	-0.23	0.3	-8.96	-10.01	-8.99
Y87R	-0.14	0.32	-8.02	-9.92	-8.54
Y87S	-0.11	0.5	-7.88	-6.64	-6.03
P88A	1.04	0.73	-7.26	-5.19	-5.14
P88D	1.69	0.79	-7.3	-5.76	-5.44
P88E	1.7	0.87	-7.23	-6.05	-5.96
P88H	1.09	0.65	-8.15	-7.87	-7.14
P88I	1.49	0.61	-9.16	-8.37	-7.55
P88K	0.73	0.64	-7.16	-6.94	-6.72
P88L	1.01	0.73	-9.12	-5.8	-5.44
P88N	0.42	0.72	-8.14	-7.13	-6.51
P88Q	2.05	0.71	-7.2	-7.57	-6.96
P88R	1.23	0.72	-7.97	-7.24	-6.63
P88S	1.05	0.9	-7.25	-4.62	-4.7
P88T	1.21	0.83	-7.25	-7.5	-6.73
P88V	0.43	0.61	-8.25	-7.16	-6.74
P88W	0.13	0.46	-10.04	-8.87	-8.14
S89A	0.91	0.52	-2.7	-7.96	-7.42
S89E	1.16	0.55	-3.66	-6.15	-6.04
S89F	0.82	0.36	-5.38	-7.99	-7.59
S89H	2.55	0.58	-4.57	-7.01	-6.82
S89K	0.70	0.45	-3.64	-7.89	-7.36
S89L	0.52	0.42	-5.27	-7.53	-7.60
S89M	1.62	0.410	-4.42	-8.45	-8.25
S89N	0.12	0.8	-2.76	-5.69	-5.59
S89P	0.59	0.24	-4.57	-8.61	-8.43
S89Q	1.87	0.6	-3.64	-6.62	-6.72
S89T	0.78	0.68	-2.7	-5.91	-5.66
S89V	0.2	0.42	-5.37	-8.81	-8.28
S89W	0.470	0.18	-6.36	-10.43	-9.37
S89Y	1.61	0.350	-5.42	-8.2	-7.66
G90E	-0.19	0.09	-7.55	-8.15	-7.19
G90H	-0.19	0.08	-7.53	-10.18	-8.28
G90L	-0.1	0.04	-9.44	-9.25	-7.51
G90N	-0.06	0.14	-5.67	-8.04	-6.7
G90P	0.24	0.04	-7.56	-9.15	-7.72
G90R	-0.1	0.1	-7.56	-7.57	-6.11
G90S	0.03	0.11	-5.66	-8.63	-6.98
G90V	0.13	0.02	-8.49	-8.59	-7.49
G90W	-0.12	0.01	-7.51	-9.64	-7.91
G90Y	0.95	0.04	-8.48	-8.55	-7.3
T91A	1.46	0.70	-4.89	-5.35	-5.32
T91C	4.84	0.61	-5.85	-6.05	-6.12
T91D	0.2	0.85	-5.87	-6.25	-6.03
T91E	1.05	0.73	-5.87	-6.79	-6.47
T91G	2.03	0.56	-6.8	-5.35	-5.11
T91I	1.05	0.70	-5.87	-5.78	-5.78
T91K	0.12	0.79	-5.87	-5.88	-5.45
T91L	1.04	0.71	-5.87	-6.44	-5.86
T91M	0.59	0.70	-5.87	-5.66	-5.52
T91N	0.69	0.75	-4.89	-6.46	-6.
T91P	1.13	0.37	-5.87	-9.22	-8.5
T91R	0.46	0.69	-5.86	-5.69	-5.60
T91S	1.6	0.78	-3.91	-6.05	-5.9
T91V	1.42	0.62	-4.89	-6.61	-6.17
V92A	0.57	0.18	-3.92	-7.18	-6.88
V92D	0.25	0.14	-6.74	-8.6	-8.
V92E	-0.2	0.05	-5.86	-7.10	-7.04
V92G	-0.12	0.07	-6.84	-7.9	-7.71
V92I	0.22	0.62	-0.78	-1.98	-2.43
V92K	-0.11	0.05	-5.86	-8.46	-8.13
V92L	1.11	0.470	-2.73	-4.28	-4.08
V92M	-0.11	0.39	-2.82	-6.14	-5.72
V92N	-0.2	0.07	-6.74	-8.32	-7.74
V92P	0.39	0.2	-5.87	-8.22	-7.33
V92Q	-0.14	0.13	-5.86	-8.31	-8.09
V92R	-0.03	0.1	-6.74	-8.74	-8.13
V92S	0.46	0.13	-5.76	-8.15	-7.97
V92T	0.32	0.16	-3.92	-6.86	-6.63
C93G	0.01	0.13	-11.34	-8.59	-6.85
C93P	-0.3	0.04	-11.37	-9.55	-7.66
C93R	-0.03	0.21	-11.35	-5.79	-4.69
C93S	-0.2	0.48	-9.41	-7.10	-5.39
C93T	-0.33	0.28	-9.44	-9.46	-7.61
C93W	-0.12	0.12	-10.5	-9.7	-7.8
C93Y	-0.06	0.2	-10.46	-7.77	-5.83
L94F	0.58	0.19	-3.91	-7.09	-6.27
L94G	-0.26	0.12	-7.82	-8.	-6.8
L94K	-0.15	0.17	-5.84	-8.28	-7.17
L94P	-0.2	0.14	-6.84	-7.8	-6.63
L94Q	-0.01	0.16	-5.84	-9.17	-7.73
L94R	-0.19	0.13	-5.84	-6.89	-6.4
L94S	0.350	0.23	-5.86	-6.10	-4.97
L94T	0.01	0.2	-4.88	-7.54	-6.29
L94V	1.45	0.410	-2.93	-4.1	-3.68
L94W	0.11	0.15	-5.87	-8.17	-7.15
S95A	0.06	0.37	-2.93	-7.25	-6.83
S95C	0.17	0.3	-4.87	-8.91	-8.32
S95D	-0.13	0.65	-3.92	-5.65	-5.91
S95E	0.1	0.470	-3.91	-8.23	-7.74
S95F	-0.1	0.06	-5.88	-8.96	-8.53
S95G	-0.06	0.31	-3.9	-5.36	-5.45
S95H	-0.31	0.42	-4.9	-8.02	-7.61
S95K	0.07	0.26	-3.92	-7.39	-7.21
S95L	0.04	0.14	-5.88	-7.61	-7.52
S95M	-0.08	0.17	-4.9	-8.98	-8.7
S95N	1.02	0.53	-2.94	-5.15	-4.77
S95P	-0.08	0.350	-4.9	-4.89	-4.75
S95Q	0.	0.42	-3.92	-6.85	-6.63
S95R	-0.1	0.25	-4.9	-8.73	-8.04
S95T	0.52	0.34	-2.94	-7.57	-7.16
S95V	-0.02	0.08	-5.88	-8.13	-7.82
S95W	0.27	0.06	-6.85	-8.55	-8.38
S95Y	0.19	0.19	-5.88	-9.32	-8.77
I96A	-0.03	0.3	-4.14	-7.47	-6.16
I96E	-0.29	0.27	-6.09	-7.23	-6.03
I96F	0.05	0.31	-3.16	-5.52	-4.39
I96G	0.21	0.15	-7.07	-7.83	-6.77
I96K	0.06	0.2	-5.71	-6.34	-5.37
I96L	0.58	0.68	-0.45	-0.82	-0.17
I96M	0.45	0.46	-1.79	-5.95	-4.96
I96P	-0.08	0.18	-6.09	-6.97	-6.15
I96R	0.470	0.18	-5.71	-7.75	-6.73
I96S	0.78	0.3	-5.11	-6.04	-4.8
I96T	1.38	0.350	-4.14	-5.33	-4.04
I96V	1.05	0.44	-0.98	-3.7	-3.18
L97A	0.70	0.15	-4.60	-7.84	-6.88
L97C	3.67	0.08	-4.68	-8.84	-7.66
L97F	0.33	0.15	-3.78	-7.84	-6.7
L97I	1.56	0.61	-1.69	-4.29	-3.08
L97M	0.77	0.32	-1.82	-8.82	-7.5
L97P	0.66	0.08	-6.57	-8.15	-7.05
L97S	0.54	0.15	-5.63	-8.81	-7.64
L97T	2.93	0.14	-4.61	-8.45	-7.29
L97V	1.18	0.38	-2.53	-6.15	-4.89
L97Y	0.04	0.12	-4.69	-10.62	-9.15
E98A	2.24	0.52	-3.51	-4.62	-4.06
E98C	0.2	0.26	-4.81	-7.64	-6.38
E98D	2.4	0.78	1.79	-0.59	-0.12
E98G	1.82	0.62	-2.53	-4.56	-3.77
E98I	2.23	0.38	-4.68	-7.87	-6.52
E98K	1.19	0.71	-2.09	-4.54	-4.11
E98L	0.63	0.410	-5.17	-6.38	-5.52
E98M	0.97	0.44	-4.19	-6.78	-5.92
E98N	2.67	0.79	0.67	-1.66	-1.22
E98R	0.29	0.6	-2.74	-5.10	-4.39
E98S	3.37	0.63	-1.40	-4.14	-3.51
E98T	0.34	0.53	-2.4	-4.73	-4.14
E98V	0.49	0.36	-4.52	-5.93	-5.16
E98W	0.6	0.39	-5.49	-6.7	-5.8
E98Y	2.4	0.350	-4.2	-6.78	-5.58
E99A	0.75	0.83	-5.46	-4.8	-4.63
E99D	1.57	0.84	-2.75	-5.5	-5.43
E99G	1.19	0.62	-6.51	-7.57	-6.89
E99H	0.25	0.78	-4.72	-6.52	-6.35
E99K	0.68	0.75	-3.76	-4.61	-4.45
E99P	0.76	0.78	-5.62	-5.10	-4.71
E99Q	1.11	0.76	-2.82	-6.03	-5.84
E99S	0.72	0.79	-4.61	-6.94	-6.48
E99T	-0.01	0.72	-5.58	-7.46	-7.10
E99V	0.66	0.66	-6.54	-6.91	-6.47
E99W	0.33	0.38	-7.59	-9.81	-8.6
E99Y	1.11	0.6	-6.61	-7.33	-6.99
D100A	0.96	0.66	-4.83	-4.44	-4.13
D100C	0.04	0.56	-6.72	-7.	-6.14
D100E	0.38	0.88	-0.49	-1.48	-1.26
D100G	0.93	0.73	-4.52	-5.52	-4.74
D100H	1.13	0.68	-3.56	-7.4	-6.56
D100I	2.31	0.62	-6.33	-7.67	-6.8
D100K	0.79	0.77	-3.46	-4.45	-4.17
D100M	2.22	0.55	-5.78	-7.66	-6.74
D100N	1.11	0.84	-2.58	-4.66	-3.88
D100R	0.3	0.65	-4.28	-5.46	-4.95
D100S	2.58	0.79	-3.35	-5.08	-4.52
D100V	1.42	0.55	-5.87	-7.01	-6.2
D100Y	1.01	0.52	-5.66	-6.33	-5.69
K101A	1.55	0.77	-4.33	-6.63	-6.19
K101C	1.02	0.54	-6.46	-7.79	-7.26
K101D	1.02	0.92	-3.81	-5.04	-4.81
K101E	0.8	0.96	-1.92	-3.57	-3.59
K101F	0.67	0.69	-6.3	-6.92	-6.41
K101G	0.52	0.88	-5.05	-4.53	-3.99
K101H	1.11	0.92	-4.17	-5.75	-5.24
K101I	0.42	0.76	-6.36	-6.73	-6.25
K101L	0.99	0.69	-5.62	-5.62	-5.41
K101M	0.36	0.72	-4.58	-6.9	-6.35
K101N	1.28	0.93	-3.4	-5.55	-5.17
K101Q	0.53	0.96	-2.17	-3.64	-3.23
K101R	0.98	0.89	-2.03	-5.97	-5.51
K101S	0.95	0.87	-3.36	-4.27	-4.21
K101T	0.89	0.88	-4.39	-4.33	-4.38
K101V	0.94	0.76	-5.46	-7.42	-6.84
K101W	0.38	0.45	-6.24	-8.34	-7.38
K101Y	1.34	0.74	-5.32	-5.37	-5.23
D102A	0.9	0.8	-4.39	-7.22	-5.96
D102C	0.70	0.68	-5.97	-9.31	-8.07
D102E	0.61	0.86	-2.55	-8.73	-7.69
D102F	0.410	0.53	-6.07	-9.02	-8.21
D102G	1.39	0.8	-2.82	-3.49	-2.93
D102H	1.08	0.85	-4.21	-5.93	-5.45
D102I	0.18	0.61	-6.29	-9.27	-8.35
D102K	0.32	0.79	-4.39	-7.49	-6.73
D102L	0.04	0.65	-6.89	-9.57	-8.26
D102M	0.82	0.6	-5.95	-9.04	-7.95
D102N	0.49	0.78	-2.58	-6.8	-6.5
D102P	-0.04	0.53	-4.55	-9.05	-8.01
D102Q	-0.19	0.86	-3.76	-6.81	-6.24
D102R	-0.02	0.73	-5.05	-8.54	-7.48
D102S	1.04	0.77	-2.94	-6.42	-5.62
D102V	0.43	0.58	-6.06	-9.46	-8.22
D102W	0.61	0.55	-6.65	-9.7	-8.69
D102Y	0.49	0.57	-5.95	-9.34	-8.34
W103A	-0.11	0.08	-13.69	-7.23	-6.22
W103C	-0.11	0.07	-12.71	-7.61	-6.54
W103D	-0.11	0.	-14.67	-7.69	-6.73
W103E	-0.33	0.	-13.69	-8.1	-7.02
W103F	0.67	0.27	-9.78	-6.7	-5.86
W103G	0.01	0.05	-12.71	-6.17	-5.74
W103H	0.23	0.	-12.71	-8.21	-7.19
W103I	0.01	0.01	-13.69	-7.87	-7.04
W103K	-0.1	0.07	-13.69	-8.36	-7.42
W103L	-0.06	0.07	-12.71	-5.87	-4.96
W103M	0.14	0.01	-11.73	-8.15	-6.95
W103N	-0.15	0.	-14.67	-6.99	-6.32
W103P	-0.22	0.	-14.67	-8.2	-7.14
W103Q	-0.17	0.	-12.71	-7.86	-6.96
W103R	-0.2	0.07	-13.69	-7.48	-6.51
W103S	-0.09	0.08	-13.69	-7.55	-6.47
W103T	0.	0.01	-12.71	-8.03	-6.77
W103V	-0.22	0.01	-13.69	-6.63	-5.9
W103Y	1.27	0.34	-8.8	-6.01	-4.98
R104A	0.61	0.84	-4.81	-6.97	-6.55
R104C	0.71	0.62	-6.76	-7.4	-6.91
R104D	0.22	0.63	-5.43	-7.49	-6.83
R104E	0.17	0.49	-3.48	-7.04	-6.71
R104F	-0.06	0.36	-6.76	-8.9	-8.36
R104G	0.06	0.42	-5.78	-7.26	-6.95
R104H	-0.07	0.59	-4.18	-5.51	-5.41
R104I	-0.09	0.48	-6.76	-6.32	-6.04
R104K	0.70	0.8	-0.82	-2.96	-2.82
R104L	0.03	0.56	-5.78	-7.92	-7.51
R104M	0.	0.48	-4.81	-7.15	-6.59
R104N	-0.09	0.67	-3.83	-4.59	-4.68
R104P	-0.28	0.37	-5.43	-7.71	-7.45
R104Q	0.08	0.57	-2.85	-7.69	-7.08
R104S	0.64	0.82	-4.46	-4.2	-4.7
R104T	0.410	0.81	-4.81	-5.95	-5.48
R104V	0.12	0.54	-6.41	-6.98	-6.5
R104W	0.05	0.23	-6.76	-6.7	-7.01
R104Y	-0.11	0.36	-5.78	-7.95	-7.78
P105A	1.11	0.45	-6.97	-3.09	-2.33
P105C	0.83	0.27	-9.	-5.97	-4.85
P105D	-0.08	0.19	-7.24	-8.34	-6.65
P105E	0.470	0.21	-7.2	-6.77	-5.37
P105F	-0.15	0.02	-10.02	-8.52	-7.02
P105G	0.63	0.12	-8.07	-6.89	-5.76
P105H	-0.09	0.2	-8.18	-8.16	-6.53
P105I	0.33	0.12	-9.08	-8.11	-6.94
P105K	-0.16	0.18	-7.2	-7.	-5.63
P105L	-0.03	0.16	-9.08	-8.66	-6.87
P105M	0.54	0.13	-8.14	-8.03	-6.59
P105N	-0.15	0.21	-8.11	-6.77	-5.7
P105Q	0.01	0.25	-7.2	-6.81	-5.52
P105R	0.15	0.15	-8.14	-9.09	-7.27
P105S	0.69	0.470	-6.99	-4.8	-3.67
P105T	0.25	0.31	-7.13	-6.66	-5.3
P105V	0.37	0.17	-8.13	-6.32	-5.09
P105W	0.03	0.02	-10.1	-9.32	-7.25
P105Y	-0.01	0.03	-9.12	-7.25	-6.37
A106C	0.58	0.64	-3.4	-6.34	-5.57
A106D	0.04	0.5	-4.55	-3.52	-3.02
A106E	0.1	0.48	-3.84	-3.83	-3.43
A106F	-0.09	0.34	-5.09	-6.57	-5.85
A106G	0.70	0.39	-3.1	-4.09	-3.25
A106H	-0.09	0.410	-4.75	-5.73	-5.42
A106I	0.350	0.59	-4.34	-4.87	-4.18
A106K	-0.22	0.34	-3.84	-5.19	-4.63
A106L	0.26	0.52	-4.34	-6.18	-5.51
A106M	-0.32	0.44	-4.11	-6.	-5.33
A106N	-0.06	0.5	-4.18	-3.74	-3.32
A106P	0.13	0.28	-4.11	-7.46	-6.38
A106Q	0.15	0.54	-3.84	-4.7	-4.15
A106R	-0.15	0.34	-4.04	-4.39	-4.11
A106S	1.13	0.77	-1.52	-1.01	-0.71
A106T	0.84	0.71	-2.88	-2.96	-2.77
A106V	0.8	0.61	-3.6	-2.55	-2.43
A106W	-0.08	0.18	-6.06	-7.64	-6.69
A106Y	-0.1	0.32	-5.05	-7.29	-6.4
I107A	0.91	0.39	-4.37	-9.29	-8.41
I107C	1.27	0.38	-4.53	-8.93	-8.01
I107D	0.66	0.2	-6.45	-9.96	-8.92
I107E	0.66	0.410	-6.29	-8.92	-7.96
I107F	0.68	0.59	-3.74	-6.05	-5.36
I107G	0.78	0.27	-7.27	-8.45	-7.62
I107H	0.70	0.49	-6.45	-7.97	-7.36
I107K	0.17	0.31	-6.25	-8.59	-7.75
I107L	1.02	0.73	-1.75	-3.06	-3.17
I107M	0.86	0.66	-2.6	-4.51	-4.47
I107N	1.15	0.49	-6.38	-7.27	-6.82
I107P	0.	0.09	-6.29	-9.65	-8.79
I107Q	0.74	0.470	-6.25	-7.49	-6.75
I107R	0.2	0.32	-6.38	-9.03	-8.3
I107S	0.89	0.38	-5.4	-8.94	-8.24
I107T	0.55	0.52	-4.2	-4.25	-4.47
I107V	1.16	0.73	-0.66	-4.34	-4.06
I107W	-0.14	0.42	-6.41	-9.4	-8.43
I107Y	0.19	0.53	-4.56	-8.84	-8.05
T108A	1.55	0.46	-4.36	-5.99	-5.49
T108C	1.12	0.51	-5.46	-6.24	-5.51
T108D	0.56	0.52	-5.31	-3.73	-3.62
T108E	1.01	0.45	-5.35	-5.45	-5.04
T108F	1.39	0.19	-6.4	-7.4	-6.75
T108G	0.61	0.51	-5.97	-4.25	-3.93
T108I	1.24	0.29	-5.55	-5.87	-5.56
T108K	0.99	0.45	-5.35	-5.36	-5.13
T108L	1.32	0.32	-5.55	-7.14	-6.60
T108M	1.1	0.31	-5.45	-3.34	-3.68
T108N	1.16	0.66	-4.3	-3.75	-3.46
T108P	0.67	0.29	-5.42	-6.11	-5.66
T108Q	1.42	0.6	-5.35	-5.07	-4.86
T108R	1.25	0.43	-5.41	-3.80	-3.41
T108S	1.16	0.72	-3.30	-1.96	-1.7
T108V	1.26	0.28	-4.63	-6.43	-6.08
T108W	1.15	0.11	-6.43	-8.22	-7.10
T108Y	1.68	0.11	-6.39	-6.92	-6.33
I109A	0.8	0.37	-4.36	-5.84	-4.98
I109C	0.25	0.31	-4.56	-7.44	-6.62
I109D	0.01	0.12	-6.58	-10.37	-8.29
I109E	-0.03	0.12	-6.32	-9.12	-7.96
I109F	0.36	0.26	-3.77	-6.85	-5.91
I109G	0.15	0.09	-7.29	-7.69	-7.31
I109H	0.06	0.28	-6.51	-8.9	-7.97
I109K	-0.21	0.2	-6.25	-9.11	-8.22
I109L	0.71	0.74	-1.68	-3.88	-3.46
I109M	0.75	0.54	-2.52	-5.2	-4.46
I109N	-0.01	0.23	-6.51	-7.59	-6.92
I109P	0.06	0.31	-6.32	-7.22	-6.17
I109Q	0.12	0.19	-6.24	-9.65	-8.01
I109R	0.07	0.25	-6.44	-8.52	-7.74
I109S	0.08	0.33	-5.53	-7.9	-7.11
I109T	0.25	0.350	-4.36	-7.3	-6.51
I109V	0.74	0.74	-0.59	-1.98	-1.96
I109W	0.45	0.12	-6.44	-9.52	-8.05
I109Y	0.	0.12	-4.56	-9.22	-8.15
K110A	0.06	0.66	-5.56	-8.73	-7.88
K110C	0.24	0.68	-7.52	-9.25	-8.24
K110D	0.29	0.62	-5.60	-8.45	-7.75
K110E	0.26	0.68	-3.72	-8.44	-7.59
K110F	0.07	0.48	-7.55	-8.66	-7.72
K110G	0.15	0.5	-6.54	-6.69	-6.22
K110H	0.48	0.63	-5.61	-9.3	-8.54
K110I	0.3	0.62	-7.55	-8.88	-8.13
K110L	0.19	0.6	-6.61	-7.46	-6.93
K110M	0.21	0.59	-5.63	-9.41	-8.1
K110N	0.45	0.64	-4.62	-7.63	-7.11
K110P	0.54	0.54	-5.60	-7.12	-6.37
K110Q	0.44	0.6	-3.71	-7.02	-6.64
K110R	0.84	0.77	-2.77	-3.74	-3.57
K110S	0.27	0.72	-4.53	-6.77	-6.35
K110T	0.15	0.74	-5.56	-6.82	-6.22
K110V	0.56	0.53	-6.62	-7.72	-7.29
K110W	0.07	0.49	-7.58	-9.01	-8.01
K110Y	0.13	0.51	-6.61	-8.1	-7.55
Q111A	1.05	0.69	-5.81	-7.22	-7.02
Q111C	1.33	0.6	-7.78	-7.06	-7.02
Q111D	0.86	0.76	-4.79	-4.75	-4.79
Q111E	0.81	0.76	-2.82	-4.35	-4.38
Q111F	1.21	0.470	-7.76	-9.62	-8.72
Q111G	1.39	0.470	-6.79	-7.94	-7.42
Q111H	1.13	0.68	-4.83	-6.92	-6.72
Q111I	1.15	0.43	-7.76	-8.68	-8.12
Q111K	1.39	0.56	-3.86	-6.39	-6.26
Q111L	0.95	0.42	-6.81	-9.95	-8.93
Q111M	0.96	0.52	-4.87	-4.64	-4.79
Q111N	1.01	0.74	-4.83	-6.2	-6.06
Q111P	1.49	0.37	-5.81	-7.7	-7.26
Q111R	1.38	0.57	-3.87	-7.52	-7.18
Q111S	1.47	0.83	-4.83	-6.38	-6.16
Q111T	0.92	0.68	-5.81	-6.46	-6.49
Q111V	1.16	0.45	-6.79	-7.7	-7.2
Q111W	1.11	0.4	-6.81	-8.49	-8.15
Q111Y	1.3	0.42	-5.83	-7.81	-7.58
I112A	0.49	0.3	-4.46	-6.12	-5.45
I112C	0.74	0.29	-4.48	-8.63	-7.41
I112D	0.15	0.07	-6.60	-9.27	-7.93
I112E	0.07	0.16	-6.4	-9.59	-8.
I112F	1.28	0.15	-3.52	-7.9	-7.02
I112G	0.18	0.13	-7.37	-8.83	-8.05
I112H	0.85	0.15	-6.42	-8.36	-7.68
I112K	0.36	0.09	-6.21	-9.4	-8.28
I112L	1.3	0.63	-1.25	-1.16	-1.03
I112M	1.24	0.51	-2.28	-4.58	-3.69
I112N	0.94	0.08	-6.42	-9.7	-8.2
I112P	-0.02	0.13	-6.38	-8.8	-7.97
I112Q	0.93	0.08	-6.19	-8.8	-7.98
I112R	0.23	0.18	-6.23	-8.7	-7.64
I112S	0.3	0.29	-5.44	-8.4	-7.28
I112T	1.73	0.3	-4.46	-6.8	-5.72
I112V	1.	0.66	-0.91	-2.98	-2.93
I112W	0.03	0.17	-6.22	-8.4	-7.26
I112Y	-0.2	0.17	-4.48	-8.85	-8.
L113A	1.01	0.25	-4.51	-6.88	-5.73
L113C	0.89	0.29	-4.25	-7.68	-5.97
L113D	-0.01	0.03	-7.43	-10.26	-8.26
L113E	-0.03	0.03	-6.52	-10.1	-8.49
L113F	0.22	0.21	-3.72	-7.26	-5.78
L113G	0.06	0.11	-7.43	-8.4	-7.28
L113H	-0.01	0.11	-6.53	-10.29	-8.31
L113I	0.84	0.39	-1.74	-5.52	-4.51
L113K	-0.01	0.02	-5.59	-9.56	-7.76
L113M	0.67	0.36	-1.8	-4.98	-3.93
L113N	0.11	0.12	-6.53	-9.48	-8.13
L113P	0.15	0.05	-6.47	-9.03	-7.71
L113Q	0.16	0.09	-5.59	-9.93	-8.25
L113R	0.01	0.02	-5.62	-8.61	-7.5
L113S	0.64	0.18	-5.52	-7.91	-6.82
L113T	0.70	0.2	-4.55	-7.59	-6.78
L113V	0.72	0.57	-2.61	-3.54	-2.65
L113W	0.05	0.06	-5.58	-9.74	-8.11
L114A	0.87	0.52	-4.25	-7.11	-6.37
L114C	0.97	0.59	-4.15	-6.78	-5.94
L114D	0.51	0.55	-6.98	-8.83	-7.75
L114E	0.67	0.6	-6.18	-8.28	-7.42
L114F	0.75	0.51	-3.21	-6.32	-5.65
L114G	0.74	0.4	-7.09	-8.33	-7.32
L114H	0.74	0.57	-6.15	-6.19	-5.55
L114I	0.74	0.81	-1.3	-4.46	-3.80
L114K	0.72	0.65	-5.38	-8.12	-6.82
L114M	0.89	0.84	-1.65	-5.27	-4.57
L114N	0.82	0.62	-6.19	-6.95	-6.12
L114P	1.11	0.36	-6.2	-6.31	-6.06
L114Q	0.81	0.72	-5.38	-6.64	-5.8
L114R	0.53	0.5	-5.42	-8.3	-7.08
L114S	0.82	0.61	-5.2	-7.28	-6.44
L114T	0.83	0.66	-4.21	-5.47	-4.92
L114V	1.25	0.8	-2.15	-4.99	-4.09
L114W	0.97	0.43	-5.25	-9.18	-7.81
L114Y	0.82	0.43	-4.17	-8.31	-7.36
G115A	0.2	0.95	-5.60	-6.33	-5.86
G115C	0.22	0.87	-8.48	-7.09	-6.27
G115D	-0.13	0.39	-6.57	-9.83	-8.74
G115E	0.04	0.43	-7.51	-8.18	-7.54
G115F	-0.17	0.28	-8.5	-8.46	-7.87
G115K	-0.350	0.3	-7.51	-9.47	-8.6
G115L	-0.14	0.410	-9.45	-9.13	-8.4
G115M	0.	0.43	-8.48	-9.13	-8.23
G115P	0.06	0.21	-7.53	-10.02	-9.29
G115Q	-0.03	0.410	-7.51	-9.92	-8.68
G115R	-0.19	0.33	-7.54	-10.13	-9.21
G115S	-0.09	0.87	-5.5	-6.3	-5.93
G115T	-0.28	0.66	-7.47	-9.19	-8.02
G115V	-0.29	0.5	-8.51	-8.6	-7.71
G115W	-0.16	0.26	-7.57	-10.9	-9.81
G115Y	0.16	0.31	-8.5	-9.15	-8.32
I116A	1.57	0.25	-4.83	-7.35	-6.99
I116C	1.46	0.14	-4.84	-7.79	-7.49
I116E	0.12	0.06	-6.78	-8.59	-8.12
I116F	0.31	0.21	-3.88	-7.83	-7.31
I116G	0.11	0.12	-7.75	-9.6	-8.47
I116K	-0.14	0.14	-6.77	-10.56	-8.66
I116L	1.57	0.59	-1.94	-5.14	-4.83
I116M	1.21	0.58	-2.89	-6.47	-5.88
I116N	-0.25	0.06	-6.78	-8.96	-8.25
I116P	-0.07	0.18	-6.78	-8.11	-7.82
I116Q	0.18	0.08	-6.77	-9.13	-8.66
I116R	0.21	0.06	-6.78	-8.89	-8.29
I116S	0.67	0.2	-5.8	-7.42	-7.33
I116T	0.96	0.21	-4.83	-6.16	-5.84
I116V	0.89	0.65	-0.96	-2.85	-2.52
I116W	-0.01	0.08	-6.77	-8.95	-8.13
Q117A	1.09	0.350	-5.68	-7.63	-7.17
Q117C	0.81	0.4	-7.63	-8.55	-8.01
Q117D	0.31	0.43	-4.78	-8.92	-8.23
Q117E	0.49	0.45	-2.84	-8.29	-7.62
Q117F	0.82	0.3	-7.63	-7.71	-7.07
Q117G	0.8	0.25	-6.66	-8.17	-7.43
Q117H	0.96	0.43	-4.71	-7.33	-6.92
Q117I	0.28	0.45	-7.63	-8.84	-7.95
Q117K	0.38	0.39	-3.7	-7.68	-7.13
Q117L	0.470	0.48	-6.66	-6.89	-6.49
Q117M	0.39	0.43	-4.75	-7.52	-6.81
Q117N	0.56	0.49	-4.71	-8.19	-7.67
Q117P	0.410	0.25	-5.72	-8.58	-8.07
Q117R	0.72	0.42	-3.59	-6.95	-6.37
Q117S	0.72	0.39	-4.75	-6.75	-6.14
Q117T	0.82	0.39	-5.68	-8.41	-7.63
Q117V	0.23	0.42	-6.69	-8.76	-7.86
Q117W	0.37	0.31	-6.67	-8.01	-7.69
Q117Y	0.56	0.31	-5.72	-6.75	-6.56
E118A	0.5	0.63	-4.23	-2.04	-2.04
E118C	0.57	0.62	-5.9	-5.22	-4.64
E118D	0.91	0.75	1.58	-1.58	-1.28
E118F	1.43	0.38	-5.60	-5.64	-5.27
E118G	0.59	0.36	-3.74	-5.14	-4.78
E118H	0.78	0.55	-3.4	-5.09	-4.42
E118I	0.6	0.45	-5.64	-5.74	-5.
E118K	0.61	0.57	-3.08	-4.83	-4.35
E118L	0.66	0.67	-6.25	-4.28	-3.77
E118M	0.59	0.63	-5.28	-5.32	-4.68
E118N	0.85	0.61	-2.08	-5.64	-4.84
E118P	0.14	0.22	-3.71	-7.21	-6.5
E118Q	0.55	0.66	-2.16	-4.02	-3.61
E118R	0.71	0.470	-4.02	-6.42	-5.72
E118S	0.350	0.82	-2.66	-4.15	-4.42
E118T	0.55	0.86	-3.69	-5.41	-4.58
E118V	0.73	0.52	-5.29	-5.73	-4.83
E118W	0.42	0.37	-6.2	-7.27	-6.37
E118Y	0.70	0.52	-5.3	-5.89	-5.23
L119A	-0.12	0.16	-4.86	-7.57	-6.4
L119C	0.15	0.13	-4.86	-8.83	-7.83
L119D	0.08	0.12	-7.77	-9.1	-7.79
L119E	0.14	0.08	-6.8	-9.89	-8.29
L119F	1.65	0.25	-3.89	-4.17	-3.67
L119G	0.02	0.1	-7.77	-8.25	-7.17
L119H	0.34	0.04	-6.8	-7.64	-6.92
L119I	0.1	0.4	-1.94	-5.18	-4.43
L119K	-0.05	0.15	-5.83	-8.48	-7.32
L119M	0.63	0.54	-1.94	-4.5	-3.66
L119N	0.05	0.04	-6.8	-8.26	-7.5
L119P	-0.05	0.09	-6.8	-9.54	-8.1
L119Q	-0.04	0.13	-5.83	-7.65	-6.59
L119R	-0.05	0.14	-5.83	-7.53	-6.56
L119S	0.16	0.13	-5.83	-7.17	-6.39
L119T	-0.13	0.2	-4.86	-7.9	-7.04
L119V	0.27	0.38	-2.92	-6.53	-5.60
L119W	0.57	0.18	-5.83	-7.9	-6.59
L119Y	1.19	0.05	-4.86	-9.1	-8.04
L120A	0.19	0.1	-4.86	-8.84	-8.16
L120C	0.14	0.07	-4.86	-8.57	-8.05
L120D	-0.21	0.02	-7.77	-9.77	-8.35
L120E	-0.05	0.08	-6.8	-8.82	-8.08
L120F	0.24	0.23	-3.89	-5.27	-4.32
L120G	0.04	0.07	-7.77	-9.28	-8.31
L120H	-0.14	0.02	-6.8	-9.37	-8.17
L120I	0.350	0.33	-1.94	-6.85	-5.64
L120K	0.	0.04	-5.83	-9.72	-8.6
L120M	0.70	0.43	-1.94	-5.64	-4.7
L120N	-0.12	0.08	-6.8	-8.95	-8.12
L120P	0.	0.07	-6.8	-9.69	-8.57
L120Q	0.14	0.1	-5.83	-8.3	-7.59
L120R	0.02	0.01	-5.83	-7.29	-7.01
L120S	0.01	0.1	-5.83	-8.51	-7.65
L120T	0.28	0.1	-4.86	-8.7	-7.83
L120V	0.2	0.28	-2.92	-7.81	-6.85
L120W	0.23	0.04	-5.82	-8.9	-8.26
N121A	0.70	0.86	-5.53	-5.87	-5.19
N121C	0.67	0.74	-6.60	-6.15	-5.44
N121D	1.02	0.88	-1.44	-2.9	-2.42
N121E	0.85	0.85	-2.98	-5.8	-5.10
N121F	0.07	0.53	-6.61	-8.11	-7.2
N121G	0.48	0.75	-4.25	-5.71	-5.28
N121H	0.52	0.82	-3.54	-6.28	-5.5
N121I	0.55	0.70	-6.56	-6.81	-5.95
N121K	0.62	0.72	-4.	-5.58	-5.16
N121L	0.2	0.70	-6.82	-5.61	-5.29
N121M	0.84	0.69	-5.86	-7.89	-6.99
N121P	0.42	0.51	-5.29	-7.7	-6.99
N121Q	0.89	0.72	-3.55	-6.09	-5.59
N121R	0.73	0.6	-4.32	-8.17	-7.2
N121S	0.77	0.84	-3.12	-5.	-4.69
N121T	0.79	0.9	-3.87	-4.31	-3.96
N121V	0.93	0.71	-6.45	-5.35	-4.97
N121W	0.49	0.56	-7.44	-7.47	-6.93
N121Y	0.51	0.58	-5.94	-9.25	-7.89
E122A	0.78	0.6	-3.80	-5.18	-4.73
E122C	0.95	0.55	-5.7	-8.15	-6.99
E122D	0.88	0.81	-0.34	-3.53	-3.38
E122F	0.66	0.46	-5.24	-7.58	-6.61
E122G	0.45	0.4	-3.94	-7.38	-6.72
E122H	0.63	0.62	-2.24	-5.8	-5.24
E122I	0.470	0.4	-5.3	-9.27	-8.09
E122K	0.42	0.46	-2.48	-5.08	-4.83
E122L	0.58	0.44	-5.5	-7.23	-6.45
E122M	0.82	0.46	-4.58	-7.44	-6.60
E122N	0.93	0.75	-1.44	-2.87	-2.61
E122P	-0.04	0.34	-3.73	-8.14	-7.19
E122Q	0.82	0.77	-1.64	-5.94	-5.2
E122R	0.67	0.48	-3.06	-6.97	-6.17
E122S	0.73	0.72	-2.39	-4.22	-3.80
E122T	1.06	0.70	-3.06	-4.79	-4.11
E122V	0.85	0.5	-4.77	-6.94	-6.07
E122W	0.43	0.55	-5.67	-7.8	-6.98
E122Y	0.73	0.43	-4.41	-6.23	-5.54
P123A	0.18	0.21	-7.33	-5.03	-3.91
P123C	0.08	0.19	-9.34	-7.7	-6.54
P123D	-0.09	0.14	-7.53	-8.44	-7.59
P123E	-0.15	0.22	-7.5	-6.09	-5.31
P123F	-0.04	0.11	-10.34	-8.05	-6.87
P123G	-0.16	0.08	-8.4	-8.91	-7.5
P123H	-0.1	0.22	-8.47	-6.47	-6.19
P123I	0.11	0.09	-9.37	-6.13	-5.22
P123K	-0.25	0.11	-7.5	-7.57	-6.76
P123L	-0.03	0.14	-9.37	-7.89	-6.72
P123M	-0.09	0.03	-8.43	-8.43	-7.24
P123N	-0.12	0.15	-8.47	-8.4	-7.36
P123Q	-0.17	0.17	-7.5	-7.38	-6.42
P123R	-0.04	0.1	-8.44	-8.05	-7.12
P123S	-0.01	0.18	-7.43	-7.27	-5.94
P123T	-0.11	0.17	-7.46	-5.37	-5.09
P123V	0.37	0.14	-8.4	-4.45	-3.71
P123W	-0.03	0.02	-10.38	-8.97	-7.65
P123Y	0.08	0.1	-9.41	-7.9	-7.17
N124A	0.2	0.27	-7.34	-9.33	-8.1
N124C	0.77	0.31	-8.35	-9.39	-7.97
N124D	-0.08	0.5	-4.62	-8.91	-7.37
N124E	-0.02	0.4	-5.5	-9.25	-7.66
N124F	0.43	0.23	-8.31	-9.02	-7.52
N124G	0.24	0.24	-5.56	-8.97	-7.61
N124H	0.51	0.36	-4.36	-8.98	-7.71
N124I	0.04	0.3	-8.38	-6.93	-6.05
N124K	-0.07	0.22	-5.53	-10.06	-8.6
N124L	-0.22	0.29	-8.38	-10.2	-8.21
N124M	0.04	0.24	-7.41	-10.28	-8.7
N124P	0.05	0.11	-7.41	-11.45	-9.93
N124Q	-0.19	0.39	-5.5	-8.27	-7.56
N124R	0.03	0.24	-5.53	-9.48	-8.43
N124S	0.22	0.38	-4.49	-7.92	-6.92
N124T	-0.04	0.26	-5.53	-8.54	-7.45
N124V	0.	0.27	-8.38	-8.34	-6.97
N124W	0.53	0.22	-9.28	-9.97	-8.45
N124Y	0.55	0.24	-7.31	-8.57	-7.65
I125A	0.36	0.75	-1.79	-4.62	-4.12
I125C	0.70	0.62	-2.72	-5.63	-5.26
I125D	0.16	0.49	-3.04	-4.79	-4.71
I125E	0.18	0.63	-2.76	-3.9	-4.1
I125F	0.57	0.56	-2.59	-6.86	-6.08
I125G	-0.02	0.37	-3.89	-7.29	-6.82
I125H	-0.03	0.48	-3.39	-6.46	-5.98
I125K	0.07	0.49	-2.86	-5.62	-5.32
I125L	0.58	0.78	-1.04	-3.98	-3.85
I125M	0.46	0.71	-1.14	-5.62	-5.08
I125N	0.42	0.67	-3.15	-3.96	-3.65
I125P	0.34	0.8	-0.8	-2.23	-2.88
I125Q	0.26	0.470	-2.83	-5.76	-5.64
I125R	0.01	0.45	-3.35	-6.54	-6.05
I125S	0.43	0.55	-2.4	-6.88	-5.98
I125T	0.49	0.71	-1.59	-2.55	-2.65
I125V	0.70	0.73	0.11	-2.73	-2.79
I125W	0.64	0.39	-4.18	-6.60	-6.01
I125Y	-0.04	0.5	-2.66	-6.95	-6.52
Q126A	0.75	0.75	-1.74	-3.21	-2.76
Q126C	0.97	0.59	-3.63	-6.34	-5.82
Q126D	0.63	0.86	-1.03	-3.13	-3.31
Q126E	0.93	0.8	-0.03	-2.29	-2.11
Q126F	0.49	0.52	-3.66	-6.57	-5.69
Q126G	0.72	0.54	-2.34	-3.80	-3.42
Q126H	0.63	0.71	-1.54	-3.92	-3.5
Q126I	0.84	0.5	-3.5	-5.54	-5.21
Q126K	0.82	0.65	0.21	-1.91	-1.64
Q126L	0.65	0.67	-3.05	-3.48	-3.14
Q126M	0.70	0.56	-2.16	-5.14	-4.58
Q126N	0.65	0.81	-0.25	-2.16	-1.88
Q126P	0.17	0.46	-2.31	-5.61	-5.23
Q126R	1.07	0.67	-0.76	-3.26	-3.31
Q126S	0.94	0.72	-0.63	-3.01	-2.52
Q126T	1.08	0.64	-1.5	-3.89	-3.55
Q126V	1.12	0.51	-2.9	-3.89	-3.85
Q126W	0.67	0.44	-3.92	-6.83	-5.99
Q126Y	0.59	0.61	-2.82	-4.85	-4.4
D127A	0.18	0.44	-5.19	-7.45	-6.76
D127C	-0.2	0.39	-6.43	-8.98	-7.98
D127E	0.69	0.58	-2.71	-6.09	-5.58
D127F	0.03	0.22	-6.7	-7.96	-7.13
D127G	0.70	0.25	-4.72	-5.91	-5.44
D127H	0.03	0.48	-4.96	-5.86	-5.72
D127I	-0.22	0.24	-6.7	-7.69	-6.99
D127K	-0.17	0.36	-4.72	-5.71	-5.56
D127L	-0.13	0.25	-7.37	-7.35	-6.98
D127M	-0.11	0.09	-6.4	-7.96	-7.64
D127N	0.18	0.59	-2.92	-6.10	-5.54
D127P	-0.21	0.23	-5.06	-7.84	-7.32
D127Q	-0.18	0.4	-4.05	-7.54	-7.02
D127R	-0.01	0.28	-5.66	-7.60	-6.63
D127S	0.410	0.64	-2.95	-3.31	-3.08
D127V	-0.16	0.25	-6.7	-7.19	-6.61
D127W	-0.14	0.22	-7.67	-9.1	-8.03
D127Y	0.79	0.26	-6.67	-5.59	-5.23
P128A	0.96	0.45	-7.76	-5.52	-4.34
P128C	0.39	0.28	-9.71	-8.83	-7.29
P128D	0.06	0.2	-7.76	-9.96	-8.13
P128E	0.	0.21	-7.76	-9.22	-7.78
P128F	-0.11	0.16	-10.68	-7.9	-6.65
P128G	0.93	0.26	-8.74	-7.53	-5.97
P128H	-0.03	0.22	-8.74	-9.71	-8.14
P128I	0.1	0.28	-9.71	-8.19	-6.66
P128L	-0.19	0.23	-9.71	-7.51	-6.14
P128M	0.01	0.2	-8.74	-9.76	-8.22
P128N	0.03	0.24	-8.74	-8.82	-7.52
P128R	0.68	0.15	-8.74	-8.37	-6.98
P128S	0.97	0.34	-7.76	-7.67	-6.14
P128T	0.39	0.29	-7.76	-9.78	-8.14
P128V	-0.17	0.26	-8.74	-8.77	-6.88
P128W	0.08	0.05	-10.68	-9.69	-8.1
A129D	0.07	0.28	-5.73	-9.04	-8.36
A129F	-0.28	0.28	-5.66	-9.06	-8.2
A129G	0.07	0.19	-3.85	-8.63	-8.26
A129H	0.06	0.24	-5.73	-8.77	-8.23
A129I	-0.09	0.43	-4.59	-8.87	-8.05
A129L	-0.27	0.51	-4.66	-7.94	-7.84
A129M	-0.17	0.52	-4.66	-8.15	-7.51
A129P	0.02	0.25	-4.76	-10.11	-9.21
A129R	-0.03	0.23	-4.79	-9.95	-9.04
A129S	0.15	0.45	-2.88	-8.18	-7.23
A129T	-0.03	0.5	-3.75	-8.46	-7.73
A129V	-0.17	0.66	-3.62	-5.4	-5.3
A129W	-0.17	0.22	-6.67	-9.25	-8.88
A129Y	0.17	0.27	-5.66	-9.44	-8.71
Q130A	0.84	0.25	-5.83	-8.45	-7.94
Q130C	0.350	0.24	-7.77	-9.41	-8.92
Q130E	0.38	0.410	-2.92	-11.15	-10.03
Q130F	0.3	0.11	-7.77	-10.25	-9.65
Q130G	-0.23	0.23	-6.8	-9.88	-9.11
Q130H	0.64	0.58	-4.86	-6.7	-6.31
Q130K	0.03	0.29	-3.89	-8.91	-8.69
Q130L	0.82	0.29	-6.8	-10.81	-9.58
Q130N	0.9	0.61	-4.86	-5.58	-5.74
Q130P	-0.22	0.11	-5.83	-9.77	-9.18
Q130R	0.65	0.3	-3.89	-7.60	-7.44
Q130S	0.46	0.36	-4.86	-7.08	-6.74
Q130T	0.44	0.26	-5.83	-10.11	-9.58
Q130V	0.09	0.31	-6.8	-8.16	-7.83
Q130W	0.92	0.05	-6.8	-9.43	-8.89
Q130Y	0.22	0.19	-5.83	-8.47	-8.38
A131C	0.99	0.77	-2.79	-8.55	-7.27
A131D	0.410	0.73	-4.01	-4.82	-4.21
A131E	0.55	0.87	-3.27	-4.3	-4.14
A131F	0.	0.70	-4.1	-5.89	-5.46
A131G	0.91	0.81	-3.06	-5.17	-4.71
A131I	0.06	0.79	-2.95	-5.76	-5.24
A131K	0.62	0.72	-3.27	-4.53	-4.27
A131L	0.66	0.82	-3.05	-4.08	-3.78
A131M	0.21	0.8	-2.96	-6.54	-5.72
A131N	1.	0.84	-3.75	-4.99	-4.63
A131P	0.61	0.79	-3.5	-5.28	-5.
A131R	0.19	0.81	-3.47	-4.03	-3.68
A131S	1.05	0.91	-1.41	-3.7	-3.42
A131T	1.	0.89	-1.8	-2.93	-2.68
A131V	0.95	0.8	-2.24	-4.23	-4.11
A131W	-0.17	0.68	-5.07	-7.68	-6.74
A131Y	0.58	0.70	-4.1	-5.71	-5.26
E132A	0.59	0.59	-5.09	-4.85	-4.04
E132C	0.48	0.410	-7.43	-7.73	-6.55
E132D	1.01	0.76	-1.18	-2.58	-2.32
E132F	0.2	0.28	-6.69	-6.65	-6.01
E132G	0.65	0.31	-5.65	-6.26	-5.53
E132H	0.51	0.57	-4.22	-6.3	-5.66
E132I	0.17	0.46	-6.62	-6.01	-5.12
E132K	0.29	0.410	-3.48	-4.68	-4.02
E132L	0.52	0.54	-6.8	-4.69	-4.
E132M	0.5	0.36	-5.92	-6.72	-5.79
E132N	0.42	0.54	-3.74	-5.11	-4.42
E132P	0.28	0.42	-4.92	-5.3	-4.22
E132Q	0.49	0.6	-2.54	-6.02	-5.26
E132R	0.44	0.46	-4.42	-5.47	-4.79
E132S	0.37	0.52	-3.94	-5.7	-4.97
E132T	0.43	0.44	-4.85	-6.51	-5.68
E132V	0.4	0.410	-5.96	-5.01	-4.61
E132W	0.14	0.27	-7.	-7.72	-6.65
E132Y	0.28	0.31	-6.02	-6.44	-5.60
A133C	0.53	0.37	-3.66	-7.63	-6.54
A133E	-0.09	0.24	-4.42	-8.43	-7.28
A133F	0.21	0.18	-5.42	-7.71	-7.13
A133G	0.31	0.32	-3.42	-5.2	-4.87
A133H	0.11	0.24	-5.36	-8.97	-7.9
A133I	0.03	0.42	-4.41	-7.37	-6.91
A133K	0.06	0.21	-4.42	-9.82	-8.25
A133L	0.350	0.38	-4.48	-6.89	-6.13
A133M	-0.05	0.39	-4.4	-8.1	-7.18
A133N	-0.1	0.24	-5.31	-8.14	-7.33
A133P	0.71	0.33	-4.02	-4.33	-3.62
A133Q	0.02	0.24	-4.42	-9.16	-8.12
A133R	0.05	0.24	-4.5	-8.46	-7.53
A133S	0.75	0.57	-2.64	-6.34	-5.84
A133T	0.11	0.4	-3.49	-8.73	-7.74
A133V	0.14	0.44	-3.44	-5.08	-4.75
A133W	0.	0.06	-6.31	-9.17	-8.2
A133Y	0.16	0.19	-5.37	-8.04	-7.28
Y134A	0.65	0.85	-7.68	-5.32	-6.
Y134C	0.33	0.97	-7.72	-4.09	-4.26
Y134D	0.17	0.38	-8.57	-7.42	-7.08
Y134E	0.23	0.58	-7.83	-7.05	-6.67
Y134F	0.45	0.54	-2.77	-3.9	-3.61
Y134G	0.1	0.5	-8.71	-7.81	-7.18
Y134H	0.12	0.53	-4.24	-4.89	-4.81
Y134I	0.28	0.350	-6.48	-6.73	-6.21
Y134K	0.07	0.33	-7.86	-7.83	-7.42
Y134L	0.1	0.36	-6.57	-6.14	-6.13
Y134M	0.54	0.37	-6.58	-8.53	-7.72
Y134N	0.12	0.48	-7.8	-6.66	-6.15
Y134P	0.11	0.26	-8.79	-8.63	-7.93
Y134Q	0.14	0.410	-7.06	-6.81	-6.61
Y134R	-0.15	0.33	-7.83	-7.87	-7.4
Y134S	0.72	0.88	-7.7	-5.61	-5.41
Y134T	0.13	0.79	-7.68	-7.5	-7.14
Y134V	0.39	0.55	-6.65	-7.55	-7.27
Y134W	0.29	0.46	-4.32	-5.97	-5.54
T135A	0.85	0.94	-2.58	-4.52	-4.31
T135C	1.37	0.83	-3.74	-6.26	-5.87
T135D	0.32	0.97	-2.66	-4.82	-4.43
T135E	0.73	0.96	-2.52	-4.43	-4.29
T135F	0.68	0.77	-4.05	-6.36	-5.81
T135G	0.21	0.78	-3.73	-5.27	-4.79
T135H	0.07	0.95	-2.22	-3.58	-3.11
T135I	0.73	0.85	-3.54	-5.18	-4.86
T135K	0.23	0.93	-2.82	-4.52	-4.14
T135L	0.82	0.86	-3.58	-5.8	-5.04
T135M	0.55	0.83	-3.14	-2.53	-2.5
T135N	0.34	0.96	-1.47	-3.72	-3.26
T135P	0.14	0.70	-3.38	-7.89	-6.94
T135Q	0.77	0.97	-2.33	-3.57	-3.16
T135R	0.84	0.95	-2.80	-4.79	-4.32
T135S	0.71	0.92	-1.63	-4.81	-4.58
T135V	1.21	0.91	-2.89	-3.45	-3.41
T135W	0.86	0.76	-4.43	-7.05	-6.65
T135Y	0.45	0.82	-3.39	-5.53	-4.87
I136A	0.73	0.56	-3.30	-5.88	-4.93
I136C	0.51	0.49	-3.33	-4.68	-4.32
I136D	0.62	0.51	-5.58	-6.45	-5.66
I136E	0.76	0.57	-5.07	-7.60	-7.13
I136F	0.89	0.350	-2.59	-6.33	-5.84
I136G	-0.03	0.29	-6.	-8.4	-7.47
I136H	0.33	0.52	-5.14	-7.74	-7.07
I136K	0.36	0.42	-4.58	-7.47	-6.58
I136L	0.61	0.79	-0.09	-3.75	-3.45
I136M	0.68	0.79	-0.57	-4.75	-4.28
I136N	0.3	0.53	-5.06	-6.67	-5.98
I136P	-0.11	0.13	-5.06	-8.73	-7.82
I136Q	0.81	0.54	-4.4	-6.17	-5.72
I136R	0.18	0.42	-4.61	-7.51	-6.81
I136S	0.85	0.410	-4.06	-5.43	-5.27
I136T	0.52	0.48	-3.17	-5.97	-5.26
I136V	0.61	0.77	-0.63	-3.52	-3.12
I136W	0.88	0.32	-4.58	-8.95	-7.98
I136Y	0.68	0.43	-3.36	-7.32	-6.59
Y137A	-0.1	0.37	-7.08	-8.2	-7.10
Y137C	0.06	0.45	-7.08	-6.16	-5.36
Y137D	-0.04	0.2	-8.09	-8.17	-7.46
Y137E	-0.05	0.33	-7.49	-8.78	-7.67
Y137F	0.48	0.78	-1.3	-1.01	-0.85
Y137G	-0.02	0.26	-8.09	-7.31	-6.45
Y137H	0.05	0.470	-4.42	-6.02	-5.33
Y137I	0.23	0.5	-5.71	-7.22	-6.29
Y137K	0.21	0.4	-7.39	-7.64	-6.60
Y137L	0.26	0.65	-5.64	-3.99	-3.44
Y137M	0.74	0.69	-5.71	-6.83	-5.87
Y137N	-0.12	0.32	-7.49	-8.54	-7.37
Y137P	-0.16	0.23	-8.39	-9.26	-8.22
Y137Q	0.17	0.31	-6.86	-8.19	-7.17
Y137R	0.	0.350	-7.44	-6.79	-5.98
Y137S	0.01	0.410	-7.12	-6.86	-6.12
Y137V	-0.17	0.49	-6.08	-7.72	-6.71
Y137W	-0.28	0.73	-3.42	-5.10	-4.74
C138D	0.470	0.78	-3.65	-7.88	-6.9
C138E	1.35	0.81	-3.35	-6.39	-5.53
C138F	0.44	0.73	-3.27	-7.54	-6.49
C138G	0.4	0.65	-3.84	-7.	-6.18
C138H	0.42	0.79	-3.65	-6.60	-5.75
C138I	0.93	0.9	-2.44	-4.59	-3.78
C138K	1.01	0.95	-2.	-4.05	-3.53
C138L	0.3	0.84	-2.34	-5.23	-4.64
C138N	1.34	0.77	-3.18	-6.71	-5.37
C138P	-0.24	0.52	-3.71	-9.61	-8.15
C138Q	0.65	0.9	-2.85	-5.57	-4.64
C138R	0.87	0.96	-2.64	-5.72	-5.17
C138S	0.95	0.83	-2.15	-5.48	-4.64
C138T	1.46	0.89	-2.28	-3.83	-3.19
C138V	0.43	0.91	-2.28	-5.47	-4.43
C138W	0.44	0.63	-2.96	-9.54	-8.11
C138Y	-0.19	0.66	-3.04	-8.03	-6.93
Q139A	0.61	0.75	-3.25	-5.58	-5.15
Q139C	0.59	0.77	-4.88	-6.83	-6.05
Q139D	0.91	0.82	-2.37	-4.74	-4.21
Q139E	0.88	0.91	-1.3	-3.96	-3.9
Q139F	0.33	0.70	-4.77	-4.94	-4.71
Q139G	0.3	0.71	-3.6	-6.54	-5.88
Q139H	0.72	0.85	-2.38	-4.52	-4.04
Q139I	0.350	0.68	-4.73	-6.56	-5.97
Q139K	0.61	0.87	-1.01	-2.62	-2.37
Q139L	0.67	0.69	-4.06	-6.19	-5.64
Q139M	0.77	0.67	-2.86	-7.82	-6.75
Q139N	0.68	0.89	-1.5	-3.17	-2.87
Q139P	0.27	0.58	-3.35	-4.92	-4.85
Q139R	0.98	0.86	-1.37	-2.99	-2.79
Q139S	0.32	0.89	-2.15	-5.13	-4.51
Q139T	0.84	0.86	-2.84	-4.9	-4.45
Q139V	0.01	0.67	-4.15	-5.92	-5.51
Q139W	0.56	0.62	-4.15	-7.49	-6.8
Q139Y	1.07	0.68	-3.5	-6.05	-5.60
N140A	1.6	0.45	-5.12	-6.27	-5.58
N140C	0.04	0.43	-6.05	-7.85	-6.74
N140D	1.02	0.8	-1.14	-1.61	-1.73
N140E	0.79	0.61	-2.76	-5.78	-5.09
N140G	-0.01	0.38	-3.77	-6.10	-5.62
N140H	0.55	0.63	-3.15	-5.73	-5.15
N140I	-0.12	0.28	-5.88	-8.24	-7.31
N140K	0.32	0.46	-3.58	-4.54	-4.14
N140L	-0.17	0.34	-6.14	-8.76	-7.77
N140M	0.1	0.31	-5.35	-7.81	-7.03
N140Q	1.02	0.56	-3.23	-6.27	-5.33
N140R	0.58	0.52	-3.94	-5.62	-4.62
N140S	0.63	0.6	-2.89	-3.01	-2.64
N140T	0.03	0.43	-3.63	-7.33	-6.44
N140V	-0.08	0.33	-5.83	-7.61	-6.83
N140Y	0.36	0.350	-5.24	-6.86	-6.15
R141A	0.62	0.45	-3.16	-6.56	-5.85
R141C	0.73	0.4	-4.89	-7.75	-6.73
R141E	-0.05	0.54	-2.56	-5.45	-4.96
R141F	0.75	0.53	-5.31	-6.09	-5.21
R141G	0.38	0.42	-4.14	-6.67	-6.08
R141H	0.99	0.54	-3.1	-6.87	-6.19
R141I	0.77	0.56	-4.98	-3.85	-3.56
R141K	0.64	0.81	-0.96	-1.74	-1.46
R141L	0.57	0.61	-4.32	-3.15	-2.91
R141M	1.36	0.66	-3.41	-5.59	-4.72
R141N	0.95	0.62	-2.89	-5.96	-5.15
R141P	0.93	0.69	-2.45	-3.71	-3.28
R141Q	1.01	0.57	-1.94	-5.38	-5.12
R141S	0.38	0.48	-3.05	-6.78	-6.04
R141T	0.75	0.46	-3.18	-6.	-5.3
R141V	0.65	0.48	-4.63	-5.9	-5.46
R141W	0.32	0.46	-5.01	-7.54	-6.43
R141Y	0.64	0.5	-4.49	-5.85	-5.06
V142A	0.73	0.97	-0.08	-1.7	-1.42
V142D	1.21	0.95	-2.06	-3.73	-3.18
V142E	1.19	0.98	-1.04	-3.44	-2.9
V142F	0.83	0.77	-1.69	-4.32	-3.84
V142G	0.95	0.84	-2.32	-3.75	-3.25
V142H	0.92	0.9	-2.18	-5.58	-4.84
V142I	0.99	0.85	-0.49	-3.41	-3.1
V142K	1.37	0.93	-1.23	-3.81	-3.25
V142L	0.83	0.92	-0.470	-3.26	-2.7
V142M	0.98	0.86	-0.29	-4.81	-4.33
V142N	1.62	0.96	-1.84	-3.19	-2.61
V142P	0.99	0.82	-1.49	-2.92	-2.37
V142Q	0.79	0.95	-1.14	-2.82	-2.54
V142R	1.02	0.9	-1.63	-4.88	-4.2
V142S	1.18	0.95	-0.86	-4.47	-3.69
V142T	0.9	0.93	-0.44	-1.88	-1.66
V142W	0.62	0.72	-2.56	-6.59	-6.01
V142Y	1.01	0.77	-1.78	-5.4	-4.87
E143A	0.8	0.81	-2.48	-3.08	-2.76
E143C	0.69	0.66	-5.13	-8.11	-7.26
E143D	0.70	0.79	-1.87	-3.63	-3.21
E143F	0.27	0.470	-4.85	-8.34	-7.39
E143G	0.54	0.72	-3.62	-4.14	-3.80
E143H	0.59	0.69	-2.77	-7.43	-6.46
E143I	0.44	0.67	-4.51	-6.32	-5.49
E143K	0.64	0.81	-2.22	-4.89	-4.49
E143L	0.6	0.68	-4.39	-4.45	-3.68
E143M	0.8	0.64	-3.66	-5.87	-5.13
E143N	0.75	0.67	-2.78	-5.82	-5.13
E143P	0.16	0.44	-3.4	-9.02	-7.81
E143Q	0.71	0.86	-1.34	-3.56	-3.2
E143R	0.22	0.76	-2.78	-5.39	-4.81
E143S	0.95	0.79	-2.25	-5.41	-4.65
E143T	0.350	0.76	-3.11	-4.75	-4.22
E143V	0.58	0.65	-3.78	-5.53	-4.66
E143W	0.44	0.3	-4.71	-9.42	-7.69
E143Y	0.56	0.44	-4.09	-7.48	-6.58
Y144A	-0.28	0.24	-7.64	-6.99	-6.65
Y144C	-0.12	0.17	-7.15	-4.95	-5.51
Y144D	0.46	0.05	-8.7	-7.81	-7.59
Y144E	-0.07	0.05	-7.9	-7.51	-7.16
Y144F	0.11	0.44	-3.36	-2.74	-2.86
Y144G	0.05	0.06	-8.74	-6.22	-6.36
Y144H	0.	0.22	-4.31	-5.53	-5.68
Y144I	0.	0.14	-6.61	-7.38	-7.51
Y144K	-0.04	0.15	-7.81	-7.03	-6.84
Y144L	-0.06	0.16	-6.57	-5.9	-6.03
Y144M	-0.23	0.11	-6.68	-7.21	-6.94
Y144N	-0.01	0.18	-7.88	-8.7	-7.60
Y144P	0.05	0.01	-8.73	-8.25	-7.8
Y144Q	-0.01	0.18	-6.96	-7.73	-7.53
Y144R	-0.05	0.17	-7.76	-7.42	-7.23
Y144S	-0.14	0.19	-7.71	-7.2	-7.26
Y144T	-0.22	0.23	-7.66	-7.07	-7.08
Y144V	-0.08	0.17	-6.68	-6.60	-6.81
Y144W	0.21	0.34	-3.98	-4.43	-4.39
E145A	0.8	0.8	-3.39	-5.21	-4.74
E145C	0.43	0.73	-5.23	-7.7	-6.79
E145D	0.91	0.91	-1.02	-2.59	-2.46
E145F	0.48	0.73	-4.84	-5.9	-5.53
E145G	0.18	0.63	-4.	-6.78	-6.25
E145I	0.52	0.8	-4.5	-4.65	-4.23
E145K	0.45	0.86	-1.5	-4.31	-3.96
E145L	1.06	0.79	-4.52	-4.87	-4.27
E145M	0.70	0.75	-3.83	-7.60	-6.88
E145N	1.37	0.9	-1.98	-2.56	-2.5
E145P	-0.12	0.66	-3.49	-9.11	-8.05
E145Q	0.65	0.9	-1.55	-6.37	-5.38
E145R	1.02	0.89	-2.56	-5.32	-4.65
E145S	0.24	0.77	-2.41	-5.87	-5.2
E145T	0.89	0.85	-3.04	-5.11	-4.67
E145V	0.94	0.87	-3.95	-5.4	-4.96
E145W	0.31	0.71	-5.22	-7.77	-6.93
E145Y	0.76	0.77	-4.23	-6.23	-5.46
K146A	1.08	0.87	-3.86	-3.14	-2.85
K146C	0.70	0.70	-5.45	-7.32	-6.53
K146D	1.1	0.76	-4.14	-5.24	-4.76
K146E	1.	0.83	-2.6	-3.82	-3.67
K146F	0.43	0.62	-5.36	-6.55	-6.05
K146G	0.77	0.59	-4.87	-5.99	-5.66
K146H	1.06	0.76	-3.77	-5.13	-4.71
K146I	0.71	0.66	-5.2	-6.47	-5.67
K146L	0.64	0.67	-4.34	-4.38	-4.14
K146M	1.15	0.66	-3.47	-3.86	-3.66
K146N	0.68	0.86	-2.93	-3.66	-3.45
K146P	-0.19	0.44	-4.16	-8.96	-7.47
K146Q	0.54	0.85	-2.23	-3.44	-3.26
K146R	0.79	0.9	-1.32	-2.57	-2.4
K146S	1.35	0.76	-3.07	-5.49	-4.85
K146T	0.98	0.78	-3.69	-4.42	-4.15
K146V	0.96	0.63	-4.63	-4.7	-4.79
K146W	-0.15	0.54	-5.36	-8.32	-7.18
K146Y	0.81	0.57	-4.60	-6.	-5.77
R147A	0.65	0.62	-4.57	-5.97	-5.64
R147C	0.70	0.67	-6.32	-7.41	-7.29
R147D	-0.1	0.58	-5.34	-8.62	-7.8
R147E	0.61	0.74	-3.56	-7.39	-6.62
R147F	0.01	0.46	-6.31	-7.63	-7.12
R147G	0.1	0.410	-5.52	-8.22	-7.55
R147H	0.45	0.69	-4.02	-6.02	-5.64
R147I	0.42	0.76	-6.04	-5.62	-5.05
R147K	0.88	0.85	-1.51	-3.57	-3.44
R147L	1.12	0.81	-5.12	-5.3	-4.88
R147M	0.84	0.68	-4.48	-5.47	-5.2
R147N	0.16	0.73	-3.76	-5.69	-5.45
R147P	0.03	0.37	-5.03	-9.14	-8.
R147Q	0.76	0.62	-2.88	-5.65	-5.24
R147S	0.8	0.64	-4.46	-7.83	-7.41
R147T	1.15	0.66	-4.61	-7.83	-7.17
R147V	0.74	0.70	-5.98	-6.19	-5.75
R147W	0.42	0.28	-6.06	-9.56	-8.58
R147Y	0.37	0.48	-5.44	-6.93	-6.41
V148A	0.54	0.63	-3.45	-5.38	-5.3
V148C	0.82	0.44	-4.36	-5.36	-5.28
V148D	-0.18	0.05	-6.15	-8.21	-7.87
V148E	-0.01	0.19	-5.4	-9.32	-8.19
V148F	-0.25	0.16	-4.25	-5.13	-5.46
V148G	0.02	0.11	-6.15	-7.59	-7.48
V148H	-0.09	0.05	-6.06	-8.42	-7.88
V148I	1.3	0.64	-0.61	-2.77	-2.43
V148K	-0.12	0.16	-5.27	-7.60	-7.47
V148L	0.2	0.39	-2.35	-4.74	-4.7
V148M	-0.03	0.43	-2.56	-6.71	-6.33
V148N	-0.14	0.05	-5.98	-7.87	-7.53
V148P	0.11	0.16	-5.2	-8.96	-8.31
V148Q	-0.06	0.12	-5.34	-7.16	-6.97
V148R	-0.03	0.17	-6.04	-8.13	-7.55
V148S	0.	0.39	-5.18	-7.5	-7.09
V148T	0.02	0.33	-3.64	-6.72	-6.49
V148W	0.02	0.04	-5.83	-10.98	-8.35
V148Y	0.	0.04	-4.43	-7.98	-7.39
R149A	0.19	0.49	-4.18	-6.69	-5.86
R149C	0.15	0.49	-5.99	-6.77	-6.28
R149F	0.470	0.38	-6.08	-7.58	-6.64
R149G	0.24	0.350	-5.17	-7.41	-6.52
R149H	0.62	0.51	-3.79	-7.07	-6.04
R149I	0.92	0.6	-5.98	-4.44	-3.81
R149K	0.8	0.81	-0.8	-2.53	-1.98
R149L	0.53	0.5	-5.10	-4.97	-4.3
R149M	0.51	0.470	-4.28	-6.35	-5.73
R149N	0.52	0.470	-3.43	-6.29	-5.94
R149P	0.13	0.33	-4.51	-8.58	-7.53
R149Q	0.87	0.64	-2.42	-4.1	-3.71
R149S	0.64	0.52	-3.83	-6.08	-5.49
R149T	0.51	0.45	-4.09	-7.51	-6.3
R149V	0.470	0.51	-5.62	-6.54	-5.58
R149W	0.57	0.29	-5.7	-8.35	-7.38
R149Y	0.4	0.38	-5.21	-7.26	-6.53
A150C	0.63	0.74	-2.5	-6.36	-5.96
A150D	0.86	0.94	-1.77	-3.08	-2.99
A150E	0.6	0.97	-0.46	-1.28	-1.58
A150F	0.61	0.72	-2.9	-5.02	-4.73
A150G	0.86	0.65	-2.09	-4.64	-4.45
A150I	1.13	0.74	-2.35	-3.66	-3.44
A150K	0.89	0.89	-0.71	-2.96	-2.79
A150L	0.97	0.78	-2.08	-2.26	-2.32
A150M	0.49	0.76	-1.67	-5.83	-5.44
A150N	0.76	0.94	-1.74	-4.37	-4.17
A150P	0.470	0.6	-2.1	-6.91	-6.31
A150Q	1.99	0.97	-0.38	-1.97	-1.91
A150R	0.8	0.83	-0.94	-3.7	-3.83
A150S	0.82	0.89	-0.77	-3.81	-3.9
A150T	0.76	0.87	-1.48	-4.48	-4.3
A150V	0.73	0.74	-1.74	-4.88	-4.65
A150W	0.49	0.81	-2.88	-5.72	-5.51
A150Y	0.95	0.73	-2.41	-5.4	-5.10
Q151A	-0.03	0.46	-4.19	-7.01	-6.53
Q151D	0.03	0.49	-3.45	-6.57	-6.51
Q151E	0.06	0.65	-1.83	-4.23	-4.05
Q151G	0.22	0.27	-5.42	-7.54	-7.35
Q151H	0.1	0.5	-3.79	-7.57	-6.61
Q151I	0.470	0.67	-5.36	-5.05	-4.77
Q151L	0.29	0.5	-4.69	-6.4	-5.87
Q151N	0.3	0.5	-3.69	-7.85	-7.14
Q151P	-0.07	0.26	-4.32	-11.09	-9.06
Q151R	-0.13	0.4	-3.01	-8.58	-8.
Q151S	0.04	0.46	-3.55	-5.61	-5.62
Q151T	0.07	0.49	-4.22	-7.08	-6.69
Q151V	-0.06	0.65	-4.66	-6.49	-5.95
Q151W	-0.06	0.59	-5.10	-6.83	-6.91
Q151Y	0.24	0.73	-4.42	-6.05	-5.75
A152C	0.03	0.56	-2.95	-8.21	-7.29
A152D	-0.17	0.34	-4.93	-12.2	-9.7
A152E	0.	0.32	-4.13	-9.98	-9.14
A152F	0.28	0.34	-4.8	-8.31	-7.89
A152G	0.3	0.25	-3.51	-9.4	-8.84
A152H	-0.03	0.36	-4.85	-10.63	-9.42
A152I	0.05	0.51	-3.7	-8.7	-7.77
A152K	-0.03	0.43	-4.01	-8.64	-8.21
A152L	-0.31	0.61	-3.77	-8.16	-7.66
A152M	0.08	0.42	-3.81	-8.62	-8.18
A152N	0.56	0.36	-4.73	-8.54	-7.8
A152P	-0.1	0.22	-3.99	-10.36	-9.48
A152Q	0.	0.33	-4.08	-9.93	-9.16
A152R	-0.09	0.33	-4.04	-7.88	-7.62
A152S	0.42	0.70	-2.4	-6.39	-5.67
A152T	0.36	0.61	-2.89	-5.32	-5.10
A152V	0.08	0.67	-2.84	-6.28	-5.65
A152W	0.07	0.16	-5.47	-11.08	-9.53
A152Y	-0.17	0.350	-4.75	-9.22	-8.71
K153A	1.47	0.91	-1.46	-1.09	-0.99
K153D	1.6	0.9	-2.92	-4.04	-3.85
K153E	1.06	0.94	-1.46	-2.57	-2.65
K153G	-0.09	0.79	-3.21	-4.65	-4.51
K153H	0.4	0.94	-2.15	-3.48	-3.41
K153I	1.23	0.89	-2.88	-3.93	-3.51
K153L	0.66	0.92	-2.46	-1.64	-1.73
K153M	0.95	0.89	-2.02	-2.65	-2.80
K153N	1.05	0.92	-2.26	-2.92	-3.03
K153Q	0.52	0.9	-1.31	-2.96	-2.74
K153R	0.93	0.94	-0.1	-0.21	-0.36
K153S	0.64	0.86	-1.89	-3.64	-3.16
K153T	0.38	0.82	-2.12	-4.22	-3.98
K153V	-0.02	0.85	-2.37	-3.82	-3.64
K153W	0.22	0.77	-3.69	-4.73	-4.45
K154A	0.82	0.87	-1.27	-1.53	-1.22
K154D	0.79	0.88	-2.06	-3.21	-2.92
K154E	0.66	0.91	-0.66	-1.94	-1.56
K154F	0.06	0.49	-3.79	-6.29	-5.58
K154G	-0.01	0.69	-2.85	-5.42	-4.94
K154H	0.46	0.78	-2.36	-4.67	-4.13
K154I	0.36	0.77	-3.33	-3.7	-3.22
K154L	0.8	0.87	-2.71	-3.92	-3.38
K154M	0.49	0.77	-2.25	-4.49	-3.88
K154N	0.55	0.89	-1.7	-4.14	-3.85
K154P	-0.08	0.44	-2.51	-6.25	-5.66
K154Q	0.88	0.89	-0.83	-0.94	-0.83
K154R	0.89	0.89	-0.95	-1.99	-1.75
K154S	1.18	0.84	-1.26	-2.4	-2.32
K154T	0.73	0.88	-2.11	-3.79	-3.24
K154V	1.01	0.75	-2.72	-6.32	-5.26
K154W	0.2	0.49	-4.01	-7.54	-6.02
K154Y	0.53	0.64	-3.14	-5.42	-4.77
F155C	0.73	0.44	-1.74	-4.15	-4.5
F155G	0.23	0.34	-2.37	-5.8	-5.76
F155H	0.55	0.70	-0.45	-3.5	-3.07
F155I	0.46	0.49	-1.	-4.36	-4.75
F155K	0.18	0.44	-1.26	-5.62	-5.69
F155L	0.57	0.52	-0.64	-5.4	-5.02
F155M	0.08	0.61	0.08	-0.97	-0.89
F155N	2.01	0.67	-0.52	-2.33	-2.38
F155P	-0.07	0.17	-1.94	-5.94	-5.98
F155Q	1.13	0.53	-0.87	-4.95	-5.01
F155S	0.66	0.61	-0.84	-4.12	-4.07
F155T	-0.07	0.58	-1.2	-4.58	-4.69
F155V	0.77	0.44	-1.16	-4.33	-4.26
F155W	-0.14	0.62	-1.38	-3.9	-3.95
F155Y	0.76	0.79	0.2	-2.22	-2.32
A156C	0.6	0.53	-2.37	-3.7	-3.69
A156D	1.38	0.53	-1.96	-5.26	-4.81
A156E	0.98	0.43	-1.39	-7.32	-5.2
A156F	0.70	0.25	-3.2	-7.32	-5.2
A156G	0.410	0.36	-1.73	-3.93	-4.02
A156H	0.86	0.45	-1.90	-7.32	-5.2
A156K	0.12	0.56	-0.8	-3.33	-3.49
A156L	0.26	0.51	-2.53	-7.3	-5.19
A156M	0.470	0.36	-2.02	-4.55	-4.45
A156N	0.01	0.42	-0.8	-3.78	-3.77
A156P	0.6	0.48	-1.09	-2.67	-2.28
A156Q	0.81	0.42	-1.17	-3.92	-4.19
A156R	0.87	0.55	-0.66	-6.97	-5.09
A156S	0.59	0.77	-0.22	-0.49	-0.29
A156T	0.67	0.76	-0.88	-1.5	-1.12
A156V	0.46	0.410	-2.22	-3.16	-3.56
A156W	0.48	0.34	-3.7	-7.32	-5.2
A156Y	0.38	0.36	-2.6	-7.32	-5.2
P157A	0.94	0.99	-2.55	-3.67	-3.29
P157C	0.66	0.97	-4.69	-6.	-5.3
P157D	0.69	0.99	-3.83	-4.29	-3.9
P157F	0.77	0.83	-5.58	-7.06	-6.13
P157G	0.58	0.97	-4.13	-5.5	-4.88
P157H	0.66	0.97	-4.27	-5.99	-5.34
P157K	1.31	0.99	-3.46	-5.33	-4.61
P157L	0.36	0.98	-4.60	-5.02	-4.86
P157N	0.62	0.99	-3.72	-4.32	-3.82
P157Q	1.02	0.99	-3.4	-4.06	-3.58
P157R	0.43	0.96	-3.88	-5.23	-4.67
P157S	0.81	0.99	-2.84	-3.61	-3.23
P157T	0.73	0.98	-2.93	-4.09	-3.69
P157W	0.93	0.83	-5.85	-7.81	-6.5
S158A	1.06	0.99	-0.26	-10.06	-4.71
S158D	-0.23	0.99	-0.86	-10.06	-4.71
S158E	0.13	0.99	-0.46	-10.06	-4.71
S158F	0.5	0.97	-2.05	-10.06	-4.71
S158G	0.21	0.98	-1.54	-10.06	-4.71
S158I	0.82	0.99	-1.65	-10.06	-4.71
S158L	0.75	0.99	-1.40	-10.06	-4.71
S158M	1.15	0.99	-1.08	-10.06	-4.71
S158P	0.92	0.99	-0.12	-10.06	-4.71
S158R	0.68	0.99	-0.81	-10.06	-4.71
S158T	0.98	0.99	0.08	-10.06	-4.71
S158V	0.73	0.99	-1.18	-10.06	-4.71
S158W	0.66	0.97	-2.42	-10.06	-4.71
S158Y	-0.13	0.97	-1.57	-10.06	-4.71